Distance in bp(Fragment Length Estimate: 189)(Peak Width Estimate: 189)	Same Strand (+ for Watson strand, - for Crick)	Opposite Strand
-2000	114463.0	113936.0
-1999	114415.0	113446.0
-1998	114377.0	113407.0
-1997	114607.0	113525.0
-1996	114393.0	113794.0
-1995	114558.0	113627.0
-1994	114861.0	113779.0
-1993	114517.0	112937.0
-1992	114663.0	113333.0
-1991	114321.0	113539.0
-1990	114441.0	113474.0
-1989	114551.0	113577.0
-1988	114865.0	113225.0
-1987	114454.0	114411.0
-1986	114466.0	113664.0
-1985	114549.0	114004.0
-1984	114928.0	113506.0
-1983	114573.0	113431.0
-1982	114566.0	113712.0
-1981	114319.0	113183.0
-1980	113988.0	113334.0
-1979	114389.0	113676.0
-1978	114283.0	113700.0
-1977	114712.0	113711.0
-1976	114334.0	113510.0
-1975	114711.0	113191.0
-1974	114926.0	113154.0
-1973	114729.0	113905.0
-1972	114176.0	114252.0
-1971	114687.0	113711.0
-1970	114351.0	113960.0
-1969	114737.0	114347.0
-1968	114863.0	113277.0
-1967	114538.0	114253.0
-1966	114883.0	114146.0
-1965	114850.0	113836.0
-1964	114428.0	113742.0
-1963	115050.0	113830.0
-1962	114018.0	113744.0
-1961	114828.0	113332.0
-1960	114681.0	113998.0
-1959	114927.0	114046.0
-1958	114539.0	113594.0
-1957	114923.0	113731.0
-1956	114990.0	113984.0
-1955	115143.0	113797.0
-1954	114980.0	113703.0
-1953	114663.0	113571.0
-1952	114786.0	114754.0
-1951	115302.0	113877.0
-1950	115367.0	113420.0
-1949	114586.0	113618.0
-1948	114607.0	114642.0
-1947	114432.0	113493.0
-1946	114811.0	114003.0
-1945	114535.0	114019.0
-1944	114721.0	113874.0
-1943	114578.0	114172.0
-1942	114660.0	113841.0
-1941	114897.0	113723.0
-1940	114673.0	113799.0
-1939	114572.0	114210.0
-1938	114663.0	114293.0
-1937	114931.0	114072.0
-1936	115306.0	114108.0
-1935	114692.0	113801.0
-1934	115169.0	114432.0
-1933	114556.0	113915.0
-1932	114805.0	113503.0
-1931	114818.0	113680.0
-1930	115143.0	113185.0
-1929	114752.0	113911.0
-1928	114655.0	114013.0
-1927	114046.0	113817.0
-1926	114982.0	113268.0
-1925	114753.0	113694.0
-1924	114527.0	113713.0
-1923	114739.0	113669.0
-1922	114544.0	114044.0
-1921	114898.0	113639.0
-1920	114692.0	113504.0
-1919	115347.0	114429.0
-1918	115544.0	114203.0
-1917	114299.0	114042.0
-1916	115517.0	114276.0
-1915	114874.0	114316.0
-1914	115090.0	114261.0
-1913	115083.0	113820.0
-1912	114494.0	114505.0
-1911	114720.0	114354.0
-1910	114177.0	114058.0
-1909	115187.0	113513.0
-1908	114849.0	115195.0
-1907	115089.0	114398.0
-1906	114512.0	114142.0
-1905	115277.0	114552.0
-1904	114613.0	114255.0
-1903	114025.0	114147.0
-1902	114893.0	113928.0
-1901	115162.0	114102.0
-1900	115212.0	114767.0
-1899	115003.0	114160.0
-1898	114841.0	114278.0
-1897	114937.0	114021.0
-1896	114767.0	114139.0
-1895	114818.0	114250.0
-1894	114792.0	114444.0
-1893	114894.0	114190.0
-1892	115183.0	114311.0
-1891	114665.0	113967.0
-1890	115026.0	114324.0
-1889	114476.0	114217.0
-1888	115630.0	115029.0
-1887	114957.0	114076.0
-1886	115092.0	113955.0
-1885	114513.0	114427.0
-1884	114517.0	114492.0
-1883	114870.0	114482.0
-1882	114801.0	113586.0
-1881	114622.0	114089.0
-1880	115265.0	114799.0
-1879	115261.0	113997.0
-1878	114294.0	114573.0
-1877	115105.0	113586.0
-1876	115435.0	114938.0
-1875	115244.0	113607.0
-1874	114998.0	114650.0
-1873	114794.0	113929.0
-1872	114672.0	114149.0
-1871	114833.0	114971.0
-1870	114466.0	114124.0
-1869	114882.0	114335.0
-1868	115384.0	114045.0
-1867	115039.0	113946.0
-1866	115057.0	114485.0
-1865	114937.0	114432.0
-1864	115156.0	114694.0
-1863	115081.0	113821.0
-1862	115049.0	114038.0
-1861	115395.0	114498.0
-1860	115435.0	113883.0
-1859	115091.0	114675.0
-1858	114994.0	114434.0
-1857	115079.0	114312.0
-1856	115563.0	114968.0
-1855	115401.0	114473.0
-1854	115399.0	113842.0
-1853	114988.0	114588.0
-1852	114775.0	113877.0
-1851	115328.0	114813.0
-1850	115703.0	114298.0
-1849	115830.0	114271.0
-1848	115302.0	114168.0
-1847	115400.0	113915.0
-1846	114896.0	113950.0
-1845	115655.0	114422.0
-1844	115248.0	114057.0
-1843	114920.0	114359.0
-1842	115258.0	114561.0
-1841	115112.0	114289.0
-1840	115200.0	113985.0
-1839	115665.0	115005.0
-1838	115173.0	114464.0
-1837	115051.0	114230.0
-1836	115709.0	114350.0
-1835	115710.0	114279.0
-1834	115029.0	114422.0
-1833	115349.0	115273.0
-1832	115392.0	115023.0
-1831	115413.0	114932.0
-1830	115187.0	114042.0
-1829	115382.0	114864.0
-1828	115495.0	115474.0
-1827	115508.0	114429.0
-1826	115499.0	114621.0
-1825	115227.0	114783.0
-1824	114977.0	114573.0
-1823	116112.0	114021.0
-1822	115544.0	114701.0
-1821	115294.0	114743.0
-1820	115273.0	114700.0
-1819	115827.0	114435.0
-1818	115253.0	114798.0
-1817	115729.0	115013.0
-1816	115296.0	114803.0
-1815	115707.0	114202.0
-1814	115281.0	114718.0
-1813	115487.0	114366.0
-1812	115668.0	114894.0
-1811	115158.0	114524.0
-1810	115821.0	114490.0
-1809	115397.0	114957.0
-1808	115324.0	114160.0
-1807	115120.0	114373.0
-1806	115396.0	114402.0
-1805	114896.0	114461.0
-1804	115522.0	114747.0
-1803	115938.0	114224.0
-1802	116168.0	114547.0
-1801	115065.0	114447.0
-1800	115578.0	114475.0
-1799	115387.0	115059.0
-1798	115357.0	115119.0
-1797	115478.0	114645.0
-1796	115544.0	113655.0
-1795	115341.0	114850.0
-1794	116270.0	115000.0
-1793	115900.0	114447.0
-1792	115232.0	115116.0
-1791	115759.0	115598.0
-1790	115626.0	114330.0
-1789	115506.0	115007.0
-1788	115321.0	114133.0
-1787	115494.0	114754.0
-1786	115705.0	114546.0
-1785	115256.0	115014.0
-1784	115585.0	114577.0
-1783	114947.0	114973.0
-1782	115950.0	115470.0
-1781	115818.0	114424.0
-1780	115902.0	114677.0
-1779	115674.0	114420.0
-1778	115518.0	115098.0
-1777	115618.0	114410.0
-1776	115225.0	114661.0
-1775	115061.0	114397.0
-1774	115065.0	114874.0
-1773	115844.0	114897.0
-1772	115705.0	115538.0
-1771	116031.0	114694.0
-1770	114874.0	114605.0
-1769	115772.0	114555.0
-1768	115538.0	114933.0
-1767	115791.0	114542.0
-1766	115477.0	114610.0
-1765	115451.0	114151.0
-1764	115834.0	115376.0
-1763	116000.0	115056.0
-1762	115266.0	115197.0
-1761	115686.0	115132.0
-1760	115720.0	115019.0
-1759	115797.0	115164.0
-1758	116392.0	114959.0
-1757	115544.0	115093.0
-1756	115592.0	115121.0
-1755	115490.0	115014.0
-1754	114810.0	115262.0
-1753	115678.0	114869.0
-1752	115951.0	115422.0
-1751	115470.0	115131.0
-1750	115427.0	115108.0
-1749	115793.0	115041.0
-1748	115713.0	115336.0
-1747	115991.0	114528.0
-1746	115705.0	114921.0
-1745	115769.0	114770.0
-1744	115882.0	115263.0
-1743	115864.0	114971.0
-1742	115820.0	115526.0
-1741	115376.0	115446.0
-1740	115484.0	114689.0
-1739	115216.0	114655.0
-1738	115616.0	114712.0
-1737	115773.0	114953.0
-1736	116651.0	115395.0
-1735	115536.0	115570.0
-1734	116019.0	115599.0
-1733	115733.0	115489.0
-1732	115688.0	115033.0
-1731	115544.0	114525.0
-1730	115811.0	114336.0
-1729	116235.0	114790.0
-1728	115935.0	115029.0
-1727	116139.0	114880.0
-1726	115787.0	115601.0
-1725	115938.0	114944.0
-1724	115979.0	115619.0
-1723	115679.0	115071.0
-1722	116503.0	114812.0
-1721	116364.0	114625.0
-1720	116129.0	114223.0
-1719	116482.0	115081.0
-1718	115341.0	115084.0
-1717	115906.0	114902.0
-1716	116012.0	115025.0
-1715	116855.0	115230.0
-1714	116289.0	114937.0
-1713	115891.0	115289.0
-1712	115820.0	114834.0
-1711	116050.0	114931.0
-1710	115660.0	115239.0
-1709	116076.0	115483.0
-1708	116266.0	114564.0
-1707	116229.0	115943.0
-1706	116009.0	114998.0
-1705	116254.0	115260.0
-1704	115907.0	114817.0
-1703	116155.0	115411.0
-1702	115668.0	116040.0
-1701	116068.0	115454.0
-1700	115540.0	114975.0
-1699	115754.0	114919.0
-1698	116168.0	114603.0
-1697	115896.0	115265.0
-1696	116614.0	115683.0
-1695	116976.0	115217.0
-1694	116249.0	114933.0
-1693	116365.0	114853.0
-1692	115415.0	115272.0
-1691	116298.0	115277.0
-1690	116155.0	114974.0
-1689	116194.0	115041.0
-1688	116313.0	115317.0
-1687	115941.0	115416.0
-1686	116559.0	114893.0
-1685	116037.0	115240.0
-1684	116224.0	115331.0
-1683	115722.0	115230.0
-1682	116919.0	115798.0
-1681	115887.0	115134.0
-1680	116300.0	114757.0
-1679	115812.0	115033.0
-1678	116224.0	114959.0
-1677	116533.0	114910.0
-1676	116518.0	115346.0
-1675	116367.0	115800.0
-1674	116727.0	115360.0
-1673	116719.0	115727.0
-1672	116483.0	115039.0
-1671	116817.0	115793.0
-1670	116100.0	115262.0
-1669	116606.0	115023.0
-1668	116579.0	115239.0
-1667	116045.0	115403.0
-1666	116650.0	114950.0
-1665	116427.0	115191.0
-1664	116036.0	115013.0
-1663	116229.0	115647.0
-1662	116092.0	114873.0
-1661	116687.0	115862.0
-1660	116595.0	115166.0
-1659	116382.0	115247.0
-1658	116360.0	115395.0
-1657	116318.0	115439.0
-1656	116621.0	114903.0
-1655	116451.0	115518.0
-1654	116131.0	115398.0
-1653	116129.0	115107.0
-1652	116407.0	115637.0
-1651	117121.0	115632.0
-1650	116652.0	115349.0
-1649	116255.0	115183.0
-1648	116105.0	115006.0
-1647	117035.0	115146.0
-1646	117002.0	116050.0
-1645	116880.0	115944.0
-1644	116799.0	115551.0
-1643	116032.0	115884.0
-1642	117176.0	115579.0
-1641	116230.0	115746.0
-1640	116050.0	115209.0
-1639	116324.0	115458.0
-1638	116464.0	116239.0
-1637	116307.0	115992.0
-1636	116445.0	115528.0
-1635	116665.0	115397.0
-1634	116464.0	115113.0
-1633	116833.0	115437.0
-1632	116604.0	115887.0
-1631	116651.0	115711.0
-1630	116949.0	116167.0
-1629	115453.0	116233.0
-1628	116862.0	115428.0
-1627	116593.0	115407.0
-1626	116772.0	115369.0
-1625	116382.0	115827.0
-1624	116469.0	115597.0
-1623	116136.0	115694.0
-1622	116781.0	115389.0
-1621	116470.0	115670.0
-1620	116739.0	115603.0
-1619	116532.0	115951.0
-1618	116709.0	115362.0
-1617	116533.0	115447.0
-1616	116747.0	115614.0
-1615	116559.0	115772.0
-1614	117034.0	116102.0
-1613	117248.0	115318.0
-1612	116550.0	115498.0
-1611	116303.0	116156.0
-1610	116844.0	115811.0
-1609	116172.0	115517.0
-1608	116378.0	115796.0
-1607	116526.0	115798.0
-1606	116976.0	115413.0
-1605	116628.0	115843.0
-1604	115900.0	115413.0
-1603	116272.0	116165.0
-1602	116689.0	115717.0
-1601	116901.0	115706.0
-1600	116677.0	115277.0
-1599	116745.0	115648.0
-1598	117303.0	115786.0
-1597	116821.0	115324.0
-1596	116442.0	115730.0
-1595	117019.0	115630.0
-1594	116780.0	115974.0
-1593	117103.0	115039.0
-1592	116748.0	115888.0
-1591	116584.0	116075.0
-1590	116720.0	115992.0
-1589	116539.0	116278.0
-1588	116878.0	115784.0
-1587	117226.0	116204.0
-1586	117121.0	115903.0
-1585	116788.0	115484.0
-1584	116684.0	115851.0
-1583	117066.0	115175.0
-1582	116878.0	115850.0
-1581	116372.0	115966.0
-1580	117184.0	116135.0
-1579	116210.0	116031.0
-1578	117086.0	115004.0
-1577	116377.0	116242.0
-1576	116815.0	115676.0
-1575	116681.0	115653.0
-1574	117136.0	115933.0
-1573	117130.0	115747.0
-1572	117558.0	115541.0
-1571	116663.0	116275.0
-1570	116664.0	115908.0
-1569	116954.0	116072.0
-1568	117227.0	115578.0
-1567	116765.0	115729.0
-1566	116901.0	115541.0
-1565	117578.0	116079.0
-1564	116878.0	116127.0
-1563	117228.0	116024.0
-1562	116892.0	115690.0
-1561	117401.0	115980.0
-1560	117349.0	115508.0
-1559	117267.0	116115.0
-1558	116668.0	116272.0
-1557	116877.0	116001.0
-1556	116896.0	115948.0
-1555	117199.0	115899.0
-1554	116960.0	115865.0
-1553	117294.0	115847.0
-1552	117667.0	116176.0
-1551	117226.0	115892.0
-1550	117877.0	115992.0
-1549	117262.0	115770.0
-1548	115975.0	115748.0
-1547	116649.0	116086.0
-1546	117518.0	115324.0
-1545	117777.0	116012.0
-1544	117185.0	115592.0
-1543	116482.0	115574.0
-1542	116889.0	115809.0
-1541	117735.0	115941.0
-1540	117258.0	115943.0
-1539	116653.0	115487.0
-1538	116683.0	116121.0
-1537	117610.0	116313.0
-1536	117240.0	116442.0
-1535	117564.0	116594.0
-1534	116557.0	116071.0
-1533	117522.0	115952.0
-1532	116786.0	116720.0
-1531	117208.0	115770.0
-1530	117616.0	115739.0
-1529	117085.0	116397.0
-1528	117833.0	116536.0
-1527	117181.0	116730.0
-1526	117430.0	116239.0
-1525	117211.0	116024.0
-1524	117008.0	116192.0
-1523	117236.0	116057.0
-1522	117180.0	116598.0
-1521	117304.0	116179.0
-1520	117144.0	116659.0
-1519	116768.0	115893.0
-1518	116941.0	116362.0
-1517	116768.0	116673.0
-1516	117355.0	116324.0
-1515	116821.0	116018.0
-1514	117673.0	115689.0
-1513	117440.0	115776.0
-1512	116865.0	116461.0
-1511	117570.0	116906.0
-1510	117247.0	116870.0
-1509	117027.0	116549.0
-1508	117692.0	116125.0
-1507	116641.0	115863.0
-1506	117318.0	116202.0
-1505	117479.0	116188.0
-1504	117957.0	116006.0
-1503	117112.0	116782.0
-1502	116961.0	116592.0
-1501	117798.0	116786.0
-1500	117965.0	116001.0
-1499	117338.0	116742.0
-1498	117469.0	116582.0
-1497	117808.0	116456.0
-1496	117349.0	116047.0
-1495	117212.0	116015.0
-1494	117453.0	116552.0
-1493	117415.0	116089.0
-1492	117071.0	115831.0
-1491	117470.0	116669.0
-1490	116953.0	116675.0
-1489	117873.0	116634.0
-1488	117184.0	116505.0
-1487	117701.0	116375.0
-1486	117683.0	116436.0
-1485	117744.0	116968.0
-1484	117849.0	116661.0
-1483	117965.0	116597.0
-1482	117721.0	116258.0
-1481	117875.0	116681.0
-1480	118161.0	116333.0
-1479	117349.0	116943.0
-1478	117467.0	116896.0
-1477	117658.0	116176.0
-1476	117966.0	116584.0
-1475	117928.0	116356.0
-1474	117965.0	116799.0
-1473	117489.0	116247.0
-1472	117868.0	116224.0
-1471	117600.0	116419.0
-1470	117541.0	116848.0
-1469	118180.0	116567.0
-1468	117561.0	116963.0
-1467	117387.0	116190.0
-1466	117836.0	116294.0
-1465	117709.0	116655.0
-1464	117596.0	116394.0
-1463	117496.0	117035.0
-1462	118370.0	116272.0
-1461	117409.0	116943.0
-1460	117135.0	117027.0
-1459	117406.0	116800.0
-1458	118732.0	116741.0
-1457	117375.0	116226.0
-1456	118238.0	116673.0
-1455	117694.0	116473.0
-1454	117414.0	116355.0
-1453	117839.0	116111.0
-1452	117499.0	116914.0
-1451	118072.0	116807.0
-1450	118061.0	116482.0
-1449	117814.0	117092.0
-1448	117393.0	116101.0
-1447	117591.0	116945.0
-1446	117478.0	116203.0
-1445	117595.0	116607.0
-1444	117893.0	117030.0
-1443	117627.0	116446.0
-1442	118011.0	117126.0
-1441	117545.0	116781.0
-1440	118041.0	117099.0
-1439	117918.0	116925.0
-1438	118206.0	116977.0
-1437	117561.0	116800.0
-1436	117549.0	116401.0
-1435	117801.0	116933.0
-1434	117517.0	116419.0
-1433	117533.0	116486.0
-1432	117814.0	116612.0
-1431	117626.0	116476.0
-1430	117893.0	116780.0
-1429	117843.0	117175.0
-1428	118264.0	117240.0
-1427	117443.0	116894.0
-1426	117811.0	117053.0
-1425	117810.0	117030.0
-1424	117467.0	117265.0
-1423	118275.0	116887.0
-1422	117784.0	116881.0
-1421	118539.0	117225.0
-1420	117571.0	116975.0
-1419	116932.0	117280.0
-1418	117821.0	116977.0
-1417	118216.0	117230.0
-1416	117482.0	116887.0
-1415	118678.0	117364.0
-1414	118655.0	117222.0
-1413	117419.0	116693.0
-1412	118185.0	117102.0
-1411	118367.0	116641.0
-1410	118357.0	116447.0
-1409	117694.0	116499.0
-1408	118052.0	117256.0
-1407	117856.0	116986.0
-1406	118437.0	116294.0
-1405	117900.0	117832.0
-1404	118099.0	117056.0
-1403	117897.0	116803.0
-1402	117470.0	117513.0
-1401	117634.0	117226.0
-1400	118311.0	117335.0
-1399	118162.0	116701.0
-1398	118365.0	117331.0
-1397	118248.0	117065.0
-1396	117710.0	116817.0
-1395	118129.0	117212.0
-1394	117981.0	117269.0
-1393	118777.0	117362.0
-1392	118102.0	116646.0
-1391	117765.0	116483.0
-1390	118684.0	117280.0
-1389	117471.0	117250.0
-1388	117762.0	117117.0
-1387	118220.0	117255.0
-1386	117889.0	116849.0
-1385	118490.0	117100.0
-1384	117877.0	116576.0
-1383	117715.0	117041.0
-1382	117223.0	117604.0
-1381	117957.0	117519.0
-1380	118158.0	117096.0
-1379	118659.0	117316.0
-1378	117786.0	117358.0
-1377	118060.0	118030.0
-1376	117875.0	117309.0
-1375	118173.0	117636.0
-1374	117855.0	116949.0
-1373	118082.0	117247.0
-1372	118343.0	117454.0
-1371	118112.0	117818.0
-1370	117890.0	117400.0
-1369	118227.0	117583.0
-1368	117998.0	117277.0
-1367	118664.0	117392.0
-1366	117941.0	117203.0
-1365	118015.0	117396.0
-1364	117896.0	116718.0
-1363	118120.0	117877.0
-1362	117707.0	116735.0
-1361	118647.0	117612.0
-1360	118434.0	116840.0
-1359	118492.0	117187.0
-1358	118596.0	117723.0
-1357	118499.0	116961.0
-1356	117874.0	117362.0
-1355	118203.0	116858.0
-1354	118423.0	117362.0
-1353	117887.0	117594.0
-1352	118289.0	118034.0
-1351	118821.0	117722.0
-1350	118183.0	117457.0
-1349	118065.0	117219.0
-1348	118290.0	117176.0
-1347	118290.0	117298.0
-1346	118571.0	117649.0
-1345	118424.0	117109.0
-1344	118769.0	116833.0
-1343	119137.0	117493.0
-1342	118550.0	116842.0
-1341	118441.0	117814.0
-1340	118662.0	117334.0
-1339	119012.0	117512.0
-1338	118269.0	117127.0
-1337	118543.0	117487.0
-1336	118264.0	117448.0
-1335	118745.0	117613.0
-1334	118864.0	117554.0
-1333	118322.0	117237.0
-1332	118691.0	117271.0
-1331	118894.0	117375.0
-1330	118546.0	117389.0
-1329	118639.0	117754.0
-1328	118862.0	118015.0
-1327	118088.0	117733.0
-1326	118950.0	117704.0
-1325	118685.0	117017.0
-1324	119153.0	117408.0
-1323	118477.0	117748.0
-1322	118863.0	117030.0
-1321	118416.0	117856.0
-1320	118750.0	117890.0
-1319	118330.0	117377.0
-1318	119062.0	117255.0
-1317	119042.0	117438.0
-1316	118440.0	117268.0
-1315	118739.0	117389.0
-1314	118252.0	117760.0
-1313	118811.0	117132.0
-1312	118515.0	117852.0
-1311	117989.0	117672.0
-1310	119096.0	118137.0
-1309	118607.0	117357.0
-1308	118357.0	117555.0
-1307	119393.0	117368.0
-1306	119125.0	117524.0
-1305	118913.0	117194.0
-1304	118673.0	117728.0
-1303	118689.0	118121.0
-1302	119490.0	117636.0
-1301	118833.0	117883.0
-1300	118410.0	117283.0
-1299	118744.0	117710.0
-1298	118957.0	117753.0
-1297	118260.0	117615.0
-1296	119120.0	117526.0
-1295	119037.0	118211.0
-1294	119241.0	117309.0
-1293	118853.0	117691.0
-1292	118769.0	117998.0
-1291	118946.0	117889.0
-1290	119067.0	118040.0
-1289	118650.0	117655.0
-1288	119018.0	118021.0
-1287	118593.0	117668.0
-1286	118069.0	118349.0
-1285	118093.0	117491.0
-1284	118828.0	117816.0
-1283	119521.0	118014.0
-1282	119198.0	117622.0
-1281	118759.0	117865.0
-1280	118745.0	117481.0
-1279	118747.0	117496.0
-1278	118773.0	117329.0
-1277	118637.0	117937.0
-1276	118674.0	117776.0
-1275	118539.0	118788.0
-1274	119292.0	117874.0
-1273	119169.0	117174.0
-1272	118933.0	117804.0
-1271	119214.0	117224.0
-1270	118881.0	117533.0
-1269	118638.0	117903.0
-1268	119016.0	118281.0
-1267	119019.0	118150.0
-1266	118395.0	117845.0
-1265	118795.0	117026.0
-1264	118976.0	117769.0
-1263	119179.0	118229.0
-1262	119306.0	118452.0
-1261	119269.0	117793.0
-1260	119114.0	118274.0
-1259	119538.0	117885.0
-1258	118720.0	117681.0
-1257	118778.0	118188.0
-1256	119273.0	117239.0
-1255	119274.0	118272.0
-1254	119660.0	118526.0
-1253	119393.0	117698.0
-1252	119038.0	117759.0
-1251	118912.0	117517.0
-1250	119401.0	118335.0
-1249	118781.0	118931.0
-1248	119001.0	118500.0
-1247	119161.0	118438.0
-1246	119801.0	117486.0
-1245	119419.0	118330.0
-1244	119247.0	117972.0
-1243	119166.0	117728.0
-1242	119043.0	117755.0
-1241	119107.0	118058.0
-1240	119584.0	118222.0
-1239	118953.0	118510.0
-1238	119972.0	118949.0
-1237	119041.0	118365.0
-1236	119395.0	118095.0
-1235	119459.0	117651.0
-1234	119157.0	117909.0
-1233	118969.0	118514.0
-1232	118887.0	118071.0
-1231	119146.0	119197.0
-1230	119381.0	118274.0
-1229	119216.0	118296.0
-1228	119415.0	118061.0
-1227	119465.0	118148.0
-1226	119297.0	118402.0
-1225	119794.0	118186.0
-1224	119792.0	118462.0
-1223	119710.0	118091.0
-1222	119435.0	118614.0
-1221	119204.0	117904.0
-1220	119448.0	118522.0
-1219	119293.0	118025.0
-1218	119430.0	117887.0
-1217	119247.0	118299.0
-1216	119049.0	117489.0
-1215	119164.0	117965.0
-1214	119810.0	118108.0
-1213	119336.0	118534.0
-1212	119951.0	118115.0
-1211	119579.0	117958.0
-1210	119587.0	118843.0
-1209	119619.0	117875.0
-1208	119267.0	118210.0
-1207	120001.0	118267.0
-1206	119467.0	118700.0
-1205	119690.0	118031.0
-1204	119923.0	118732.0
-1203	119893.0	118570.0
-1202	119930.0	118144.0
-1201	119910.0	118291.0
-1200	119729.0	118416.0
-1199	119340.0	118352.0
-1198	120073.0	118517.0
-1197	119695.0	118838.0
-1196	119403.0	118110.0
-1195	119287.0	118522.0
-1194	119683.0	118415.0
-1193	119700.0	117745.0
-1192	119688.0	117822.0
-1191	119398.0	118455.0
-1190	119783.0	118455.0
-1189	119913.0	118870.0
-1188	120009.0	118347.0
-1187	119290.0	118669.0
-1186	119676.0	118224.0
-1185	119861.0	118426.0
-1184	120179.0	118139.0
-1183	119983.0	118757.0
-1182	119860.0	118750.0
-1181	119576.0	117665.0
-1180	119861.0	117956.0
-1179	119926.0	118324.0
-1178	119888.0	118281.0
-1177	120150.0	118665.0
-1176	120175.0	118811.0
-1175	119787.0	118549.0
-1174	119878.0	119053.0
-1173	119958.0	118970.0
-1172	119619.0	118630.0
-1171	119363.0	118860.0
-1170	119442.0	118654.0
-1169	120386.0	118885.0
-1168	119426.0	119182.0
-1167	120226.0	118675.0
-1166	119867.0	118532.0
-1165	120298.0	118202.0
-1164	120027.0	118566.0
-1163	119754.0	118453.0
-1162	120114.0	119371.0
-1161	120593.0	118501.0
-1160	120194.0	118945.0
-1159	120043.0	118681.0
-1158	119608.0	118497.0
-1157	120015.0	118645.0
-1156	119832.0	119129.0
-1155	119972.0	118693.0
-1154	120473.0	118139.0
-1153	120170.0	118565.0
-1152	119991.0	118921.0
-1151	120538.0	118967.0
-1150	120311.0	118743.0
-1149	120102.0	119016.0
-1148	120237.0	118931.0
-1147	119633.0	118688.0
-1146	119893.0	118213.0
-1145	119743.0	118932.0
-1144	120074.0	118507.0
-1143	120188.0	118746.0
-1142	120358.0	118435.0
-1141	119682.0	118498.0
-1140	120314.0	118758.0
-1139	120005.0	118427.0
-1138	119466.0	118839.0
-1137	120359.0	119085.0
-1136	120345.0	118550.0
-1135	120043.0	118921.0
-1134	119839.0	118784.0
-1133	119788.0	118502.0
-1132	119937.0	118928.0
-1131	120399.0	119193.0
-1130	120840.0	118841.0
-1129	119856.0	119597.0
-1128	120337.0	118731.0
-1127	120574.0	118882.0
-1126	120029.0	119090.0
-1125	120524.0	119015.0
-1124	120238.0	119348.0
-1123	120536.0	119493.0
-1122	120665.0	118638.0
-1121	120042.0	119056.0
-1120	120373.0	119492.0
-1119	120446.0	119463.0
-1118	120367.0	119150.0
-1117	120677.0	118663.0
-1116	120971.0	119511.0
-1115	120326.0	118899.0
-1114	120676.0	118780.0
-1113	119809.0	119138.0
-1112	120380.0	119511.0
-1111	120078.0	118937.0
-1110	120203.0	119492.0
-1109	120171.0	119638.0
-1108	120260.0	119612.0
-1107	120422.0	119671.0
-1106	120493.0	118802.0
-1105	120694.0	118514.0
-1104	120866.0	119264.0
-1103	120509.0	119285.0
-1102	120161.0	119940.0
-1101	120164.0	119440.0
-1100	120491.0	119155.0
-1099	120833.0	118678.0
-1098	120225.0	119333.0
-1097	120226.0	119087.0
-1096	121009.0	119116.0
-1095	120790.0	118990.0
-1094	120497.0	119636.0
-1093	120655.0	119352.0
-1092	120249.0	119265.0
-1091	119852.0	119584.0
-1090	120282.0	119405.0
-1089	120073.0	118787.0
-1088	120695.0	119040.0
-1087	120142.0	119852.0
-1086	120560.0	119574.0
-1085	120319.0	119488.0
-1084	120633.0	119744.0
-1083	120265.0	119450.0
-1082	120494.0	119132.0
-1081	120727.0	119586.0
-1080	121107.0	118757.0
-1079	121082.0	118878.0
-1078	120855.0	119528.0
-1077	120873.0	119130.0
-1076	121088.0	118864.0
-1075	120208.0	119139.0
-1074	120114.0	119148.0
-1073	120523.0	119766.0
-1072	120870.0	119096.0
-1071	120616.0	119215.0
-1070	120596.0	118828.0
-1069	119935.0	119477.0
-1068	120517.0	119202.0
-1067	120673.0	119666.0
-1066	121429.0	120137.0
-1065	120705.0	118952.0
-1064	120867.0	119185.0
-1063	120790.0	119531.0
-1062	120716.0	119339.0
-1061	120870.0	119623.0
-1060	120823.0	119545.0
-1059	120993.0	119637.0
-1058	120427.0	118946.0
-1057	120447.0	119387.0
-1056	120319.0	119794.0
-1055	121424.0	118738.0
-1054	120988.0	119103.0
-1053	121040.0	119160.0
-1052	120910.0	119779.0
-1051	120114.0	120171.0
-1050	121413.0	119492.0
-1049	120851.0	119414.0
-1048	121155.0	119618.0
-1047	120944.0	119984.0
-1046	120411.0	119947.0
-1045	121093.0	119289.0
-1044	120707.0	119387.0
-1043	121258.0	119576.0
-1042	120952.0	119881.0
-1041	120856.0	119992.0
-1040	120887.0	119702.0
-1039	121060.0	119591.0
-1038	120750.0	119737.0
-1037	120997.0	119214.0
-1036	120993.0	119657.0
-1035	120984.0	119550.0
-1034	121159.0	120035.0
-1033	120933.0	119597.0
-1032	121054.0	119459.0
-1031	121187.0	119752.0
-1030	121378.0	120114.0
-1029	121697.0	119719.0
-1028	121284.0	119345.0
-1027	121076.0	120099.0
-1026	120630.0	119197.0
-1025	121219.0	119714.0
-1024	121066.0	119893.0
-1023	121347.0	120216.0
-1022	121767.0	119907.0
-1021	121201.0	119794.0
-1020	121142.0	119389.0
-1019	120818.0	119844.0
-1018	121195.0	119528.0
-1017	121910.0	119399.0
-1016	120546.0	120028.0
-1015	120620.0	119484.0
-1014	120975.0	120580.0
-1013	121365.0	120205.0
-1012	121113.0	119978.0
-1011	121249.0	119866.0
-1010	121511.0	120246.0
-1009	121675.0	119754.0
-1008	121559.0	119916.0
-1007	121094.0	119667.0
-1006	121211.0	119630.0
-1005	120808.0	119207.0
-1004	121242.0	120094.0
-1003	121343.0	119216.0
-1002	121347.0	119929.0
-1001	121225.0	119788.0
-1000	121524.0	119913.0
-999	121199.0	119829.0
-998	121542.0	119839.0
-997	121712.0	119895.0
-996	120814.0	120610.0
-995	121215.0	119344.0
-994	121065.0	120471.0
-993	121046.0	119730.0
-992	121696.0	120343.0
-991	121331.0	120272.0
-990	121323.0	119843.0
-989	121353.0	120158.0
-988	121367.0	119842.0
-987	121868.0	120318.0
-986	121365.0	120837.0
-985	121617.0	120324.0
-984	121287.0	120414.0
-983	121753.0	120218.0
-982	121726.0	120319.0
-981	122193.0	120285.0
-980	121575.0	120105.0
-979	121693.0	120482.0
-978	121580.0	120910.0
-977	121941.0	120596.0
-976	121874.0	119874.0
-975	121636.0	120365.0
-974	121606.0	120647.0
-973	121709.0	120636.0
-972	122079.0	119826.0
-971	121460.0	120337.0
-970	121946.0	119959.0
-969	121209.0	120418.0
-968	121728.0	119214.0
-967	121911.0	119823.0
-966	121916.0	120530.0
-965	121871.0	119946.0
-964	121477.0	120068.0
-963	122002.0	120407.0
-962	121702.0	120758.0
-961	121565.0	120720.0
-960	121411.0	120427.0
-959	122096.0	120726.0
-958	121828.0	120485.0
-957	121501.0	120725.0
-956	121875.0	120365.0
-955	122205.0	120150.0
-954	121663.0	120185.0
-953	122288.0	120692.0
-952	122360.0	120652.0
-951	121908.0	120518.0
-950	121738.0	120585.0
-949	121242.0	120701.0
-948	122125.0	120131.0
-947	121613.0	120507.0
-946	121959.0	120740.0
-945	121766.0	120509.0
-944	122160.0	119807.0
-943	122040.0	120436.0
-942	122102.0	120791.0
-941	121710.0	120531.0
-940	122057.0	120683.0
-939	122229.0	120592.0
-938	121689.0	120931.0
-937	121842.0	120504.0
-936	122238.0	120183.0
-935	121662.0	120691.0
-934	122733.0	120335.0
-933	121316.0	120932.0
-932	122136.0	121120.0
-931	122254.0	121209.0
-930	121951.0	120666.0
-929	121694.0	120945.0
-928	121800.0	120829.0
-927	122005.0	120875.0
-926	121921.0	121289.0
-925	122149.0	120636.0
-924	121387.0	120951.0
-923	121513.0	120502.0
-922	122082.0	120525.0
-921	122643.0	120983.0
-920	121958.0	120968.0
-919	122167.0	120507.0
-918	122202.0	121896.0
-917	121891.0	120788.0
-916	122629.0	120768.0
-915	122045.0	121221.0
-914	122310.0	120317.0
-913	122595.0	120779.0
-912	122090.0	120343.0
-911	122187.0	120655.0
-910	122397.0	120781.0
-909	121980.0	120765.0
-908	121863.0	121433.0
-907	122180.0	120863.0
-906	122279.0	120611.0
-905	122350.0	120286.0
-904	122128.0	120570.0
-903	122334.0	120769.0
-902	122523.0	120762.0
-901	122703.0	121112.0
-900	122140.0	121157.0
-899	122786.0	120027.0
-898	122783.0	121865.0
-897	122613.0	120758.0
-896	122929.0	121249.0
-895	122255.0	120821.0
-894	122410.0	120673.0
-893	122710.0	121057.0
-892	122644.0	121056.0
-891	123011.0	120852.0
-890	121913.0	120409.0
-889	122429.0	121285.0
-888	122812.0	121654.0
-887	122871.0	120630.0
-886	122118.0	120749.0
-885	122311.0	121052.0
-884	123104.0	121528.0
-883	122074.0	121144.0
-882	122841.0	120959.0
-881	122404.0	120614.0
-880	122977.0	121094.0
-879	122227.0	121606.0
-878	122602.0	120309.0
-877	122014.0	121331.0
-876	122741.0	121473.0
-875	122899.0	120648.0
-874	123019.0	120764.0
-873	123045.0	121315.0
-872	122054.0	121018.0
-871	122437.0	120352.0
-870	122431.0	121031.0
-869	123078.0	121409.0
-868	122350.0	120912.0
-867	122400.0	121062.0
-866	122810.0	121379.0
-865	122700.0	121663.0
-864	122113.0	121245.0
-863	122709.0	120577.0
-862	123135.0	121101.0
-861	123024.0	121329.0
-860	122699.0	121180.0
-859	123368.0	121005.0
-858	122045.0	121157.0
-857	122396.0	120917.0
-856	122779.0	121195.0
-855	123081.0	121326.0
-854	122795.0	121874.0
-853	122967.0	121684.0
-852	122878.0	121147.0
-851	122580.0	121852.0
-850	123029.0	121223.0
-849	122846.0	120686.0
-848	122903.0	121726.0
-847	123787.0	120948.0
-846	122615.0	120841.0
-845	122693.0	122088.0
-844	122935.0	121413.0
-843	122980.0	120990.0
-842	122451.0	121547.0
-841	123096.0	121292.0
-840	122550.0	121869.0
-839	123048.0	121522.0
-838	122822.0	121183.0
-837	122506.0	120878.0
-836	122897.0	121778.0
-835	123276.0	121532.0
-834	123056.0	121487.0
-833	123138.0	121702.0
-832	123394.0	121792.0
-831	123022.0	121055.0
-830	122462.0	121434.0
-829	123062.0	121438.0
-828	122739.0	121384.0
-827	123266.0	121065.0
-826	122920.0	121861.0
-825	123310.0	121942.0
-824	123211.0	122072.0
-823	122973.0	121261.0
-822	122190.0	121661.0
-821	123508.0	121599.0
-820	122532.0	121959.0
-819	123371.0	121250.0
-818	123969.0	121868.0
-817	123121.0	121923.0
-816	122905.0	121372.0
-815	123627.0	120982.0
-814	123229.0	120993.0
-813	122818.0	121649.0
-812	124211.0	121437.0
-811	124029.0	121953.0
-810	123018.0	122503.0
-809	122942.0	121773.0
-808	123679.0	122158.0
-807	123228.0	121585.0
-806	123176.0	121938.0
-805	122670.0	121797.0
-804	123745.0	121993.0
-803	123994.0	121409.0
-802	123611.0	121926.0
-801	123507.0	121719.0
-800	123118.0	121576.0
-799	123553.0	121733.0
-798	123823.0	122181.0
-797	123327.0	121898.0
-796	123573.0	121812.0
-795	123492.0	122178.0
-794	123231.0	121950.0
-793	123314.0	121543.0
-792	123309.0	121952.0
-791	123252.0	121699.0
-790	123515.0	122210.0
-789	123363.0	121427.0
-788	124081.0	121554.0
-787	123469.0	121207.0
-786	123751.0	122370.0
-785	123934.0	122303.0
-784	124233.0	121314.0
-783	123579.0	122205.0
-782	122867.0	121611.0
-781	123054.0	122208.0
-780	123759.0	122205.0
-779	123561.0	121704.0
-778	123747.0	122719.0
-777	123692.0	121578.0
-776	123949.0	122568.0
-775	124286.0	121458.0
-774	123881.0	122302.0
-773	123464.0	122100.0
-772	123839.0	122077.0
-771	123420.0	121660.0
-770	124139.0	122099.0
-769	123551.0	122135.0
-768	123865.0	121808.0
-767	123854.0	121540.0
-766	124083.0	122000.0
-765	123164.0	121971.0
-764	124194.0	122415.0
-763	123905.0	121960.0
-762	123947.0	122198.0
-761	124375.0	122098.0
-760	123975.0	121995.0
-759	123869.0	122195.0
-758	123281.0	122189.0
-757	123918.0	121920.0
-756	124179.0	122169.0
-755	123322.0	122987.0
-754	124567.0	121954.0
-753	123587.0	122179.0
-752	124008.0	122946.0
-751	124173.0	121820.0
-750	124404.0	122782.0
-749	123846.0	122468.0
-748	124382.0	122094.0
-747	123422.0	122309.0
-746	123897.0	122796.0
-745	124139.0	122220.0
-744	124283.0	122618.0
-743	123484.0	122281.0
-742	123922.0	122403.0
-741	124088.0	122557.0
-740	124578.0	122513.0
-739	124040.0	122937.0
-738	124611.0	122089.0
-737	124248.0	122447.0
-736	124600.0	122602.0
-735	124401.0	122798.0
-734	123991.0	122289.0
-733	124149.0	121950.0
-732	124118.0	122155.0
-731	124153.0	122773.0
-730	124054.0	122397.0
-729	124480.0	122272.0
-728	123827.0	122375.0
-727	123846.0	122399.0
-726	124381.0	122632.0
-725	123942.0	122360.0
-724	123859.0	122876.0
-723	124211.0	122381.0
-722	124233.0	122572.0
-721	124286.0	123066.0
-720	124252.0	122343.0
-719	124143.0	122467.0
-718	124336.0	122803.0
-717	124355.0	122923.0
-716	124488.0	122667.0
-715	124354.0	122559.0
-714	124391.0	122548.0
-713	124439.0	122864.0
-712	124612.0	122129.0
-711	124624.0	122730.0
-710	124368.0	122924.0
-709	124311.0	122801.0
-708	124653.0	122230.0
-707	124417.0	122714.0
-706	124255.0	122965.0
-705	124508.0	123296.0
-704	124379.0	122470.0
-703	125162.0	122751.0
-702	124268.0	123381.0
-701	125397.0	122862.0
-700	124706.0	123196.0
-699	124355.0	122962.0
-698	123955.0	122650.0
-697	124482.0	122876.0
-696	124573.0	123258.0
-695	125257.0	122361.0
-694	124724.0	123137.0
-693	124650.0	123177.0
-692	124179.0	122942.0
-691	124819.0	123103.0
-690	125069.0	122521.0
-689	125117.0	122944.0
-688	125413.0	122543.0
-687	124420.0	123471.0
-686	125419.0	122568.0
-685	125133.0	122617.0
-684	124741.0	122925.0
-683	124914.0	123281.0
-682	124337.0	122687.0
-681	125020.0	122584.0
-680	124616.0	123091.0
-679	124803.0	122586.0
-678	124775.0	123114.0
-677	124320.0	123468.0
-676	124832.0	123026.0
-675	124920.0	122783.0
-674	124322.0	123616.0
-673	124833.0	123562.0
-672	125414.0	123414.0
-671	125169.0	123473.0
-670	125559.0	122846.0
-669	125248.0	123039.0
-668	125321.0	122940.0
-667	125456.0	122841.0
-666	124760.0	123343.0
-665	125075.0	122257.0
-664	125067.0	123151.0
-663	124645.0	123192.0
-662	125135.0	123360.0
-661	125151.0	123261.0
-660	124549.0	122782.0
-659	124979.0	123130.0
-658	124942.0	123061.0
-657	125424.0	123277.0
-656	125353.0	123410.0
-655	124800.0	123545.0
-654	125472.0	123113.0
-653	125142.0	123358.0
-652	125218.0	123643.0
-651	125469.0	123172.0
-650	125259.0	122976.0
-649	124949.0	123227.0
-648	125688.0	123338.0
-647	125346.0	123715.0
-646	126572.0	123306.0
-645	126012.0	123173.0
-644	125042.0	123122.0
-643	124838.0	124188.0
-642	125386.0	123547.0
-641	125831.0	123484.0
-640	125703.0	123425.0
-639	125688.0	123464.0
-638	125630.0	123149.0
-637	125772.0	123652.0
-636	125016.0	123155.0
-635	125350.0	123736.0
-634	125487.0	123457.0
-633	124969.0	123492.0
-632	126190.0	123671.0
-631	125729.0	123993.0
-630	125558.0	123483.0
-629	125570.0	123859.0
-628	125649.0	123251.0
-627	125697.0	123725.0
-626	125301.0	123668.0
-625	125828.0	124139.0
-624	125581.0	123739.0
-623	125237.0	122809.0
-622	126201.0	123128.0
-621	124748.0	123956.0
-620	125264.0	123356.0
-619	126104.0	122918.0
-618	125601.0	123333.0
-617	125670.0	123786.0
-616	125857.0	123814.0
-615	125615.0	123879.0
-614	126275.0	123964.0
-613	125521.0	123381.0
-612	125790.0	124055.0
-611	126370.0	124060.0
-610	125524.0	123590.0
-609	125727.0	123791.0
-608	125636.0	123413.0
-607	125917.0	124215.0
-606	125429.0	123570.0
-605	125000.0	123751.0
-604	126083.0	123968.0
-603	125554.0	123489.0
-602	125940.0	123990.0
-601	125649.0	123729.0
-600	126031.0	124602.0
-599	125851.0	124598.0
-598	126181.0	124387.0
-597	125655.0	123914.0
-596	126029.0	123972.0
-595	126243.0	123729.0
-594	126454.0	124079.0
-593	126246.0	124451.0
-592	125903.0	123787.0
-591	125884.0	124590.0
-590	126147.0	123880.0
-589	126230.0	124117.0
-588	125477.0	124552.0
-587	126508.0	124281.0
-586	126260.0	123224.0
-585	126326.0	123543.0
-584	126431.0	124175.0
-583	125982.0	123930.0
-582	126011.0	124261.0
-581	126923.0	124848.0
-580	125857.0	124209.0
-579	126099.0	123979.0
-578	126054.0	124090.0
-577	125999.0	124798.0
-576	126736.0	124195.0
-575	125701.0	124567.0
-574	126256.0	124258.0
-573	126709.0	124766.0
-572	126083.0	123981.0
-571	126819.0	124456.0
-570	126135.0	123904.0
-569	126770.0	124123.0
-568	126301.0	124373.0
-567	126021.0	124503.0
-566	126253.0	124261.0
-565	126315.0	124225.0
-564	126171.0	124797.0
-563	126596.0	124389.0
-562	126609.0	123525.0
-561	126841.0	124383.0
-560	126343.0	124891.0
-559	127203.0	124180.0
-558	126270.0	124091.0
-557	126451.0	124911.0
-556	126597.0	124531.0
-555	125972.0	124517.0
-554	126606.0	123891.0
-553	127090.0	124588.0
-552	126205.0	124634.0
-551	126808.0	123964.0
-550	126363.0	124704.0
-549	126670.0	124449.0
-548	126837.0	124449.0
-547	126620.0	124601.0
-546	127326.0	124624.0
-545	126349.0	124919.0
-544	126740.0	124354.0
-543	126872.0	124249.0
-542	127257.0	124580.0
-541	126496.0	124785.0
-540	126588.0	124065.0
-539	126741.0	124932.0
-538	126849.0	123920.0
-537	127299.0	124970.0
-536	126572.0	124950.0
-535	127345.0	125003.0
-534	127317.0	124233.0
-533	126624.0	124795.0
-532	127069.0	124518.0
-531	126692.0	124605.0
-530	127118.0	124705.0
-529	127370.0	124755.0
-528	127152.0	124733.0
-527	126821.0	124215.0
-526	127907.0	125103.0
-525	126968.0	125330.0
-524	127420.0	124163.0
-523	127418.0	125014.0
-522	126569.0	124913.0
-521	126962.0	124443.0
-520	126951.0	124902.0
-519	126991.0	124702.0
-518	126728.0	124902.0
-517	127500.0	124607.0
-516	127089.0	124124.0
-515	127137.0	125170.0
-514	127399.0	124907.0
-513	127347.0	124543.0
-512	127323.0	125375.0
-511	127737.0	124538.0
-510	128161.0	124577.0
-509	127360.0	125816.0
-508	126952.0	125180.0
-507	127654.0	124845.0
-506	127389.0	125896.0
-505	126860.0	124921.0
-504	127185.0	124347.0
-503	127764.0	125682.0
-502	127320.0	125487.0
-501	127208.0	125416.0
-500	127192.0	125278.0
-499	126988.0	124462.0
-498	127483.0	125188.0
-497	127723.0	125352.0
-496	127995.0	124950.0
-495	127606.0	125543.0
-494	127473.0	125441.0
-493	127355.0	125427.0
-492	127859.0	125243.0
-491	127961.0	125147.0
-490	127472.0	125133.0
-489	127447.0	125026.0
-488	127858.0	125215.0
-487	127805.0	125495.0
-486	128143.0	125613.0
-485	127379.0	125334.0
-484	128156.0	125608.0
-483	128258.0	125733.0
-482	127575.0	125313.0
-481	128015.0	125160.0
-480	127630.0	124983.0
-479	127904.0	125360.0
-478	127488.0	125653.0
-477	128061.0	125644.0
-476	127861.0	125484.0
-475	127800.0	125608.0
-474	128074.0	125196.0
-473	128592.0	125806.0
-472	127567.0	125724.0
-471	127898.0	125808.0
-470	127710.0	125810.0
-469	128068.0	125237.0
-468	127858.0	125862.0
-467	128209.0	125169.0
-466	128308.0	125158.0
-465	127983.0	125536.0
-464	128800.0	125992.0
-463	127926.0	125047.0
-462	128537.0	125802.0
-461	128260.0	125217.0
-460	128451.0	125699.0
-459	128248.0	125401.0
-458	127840.0	125675.0
-457	128518.0	125472.0
-456	128040.0	125392.0
-455	128117.0	124943.0
-454	128403.0	125668.0
-453	128642.0	126178.0
-452	127913.0	125564.0
-451	128042.0	125647.0
-450	128276.0	125850.0
-449	128859.0	125947.0
-448	128076.0	125574.0
-447	128338.0	125309.0
-446	128505.0	125720.0
-445	128711.0	125676.0
-444	128700.0	125135.0
-443	128840.0	125954.0
-442	128480.0	126279.0
-441	128182.0	125731.0
-440	128988.0	126033.0
-439	128766.0	126041.0
-438	128276.0	126563.0
-437	128800.0	125965.0
-436	128646.0	126384.0
-435	128281.0	126628.0
-434	128418.0	126795.0
-433	128502.0	125937.0
-432	128889.0	125841.0
-431	129099.0	125878.0
-430	129189.0	126249.0
-429	128665.0	125849.0
-428	128626.0	126820.0
-427	129171.0	125937.0
-426	129039.0	125605.0
-425	128941.0	126793.0
-424	128577.0	126110.0
-423	129215.0	126696.0
-422	128593.0	126354.0
-421	129032.0	126266.0
-420	128423.0	126388.0
-419	128501.0	126714.0
-418	128903.0	126322.0
-417	129101.0	125963.0
-416	129099.0	126469.0
-415	129402.0	126460.0
-414	129466.0	126532.0
-413	128941.0	126257.0
-412	129201.0	126223.0
-411	128973.0	126079.0
-410	129355.0	125955.0
-409	129013.0	126141.0
-408	129618.0	126306.0
-407	129796.0	126445.0
-406	129324.0	126198.0
-405	129107.0	127108.0
-404	128767.0	126654.0
-403	129353.0	126464.0
-402	129194.0	126574.0
-401	129460.0	126035.0
-400	128994.0	126744.0
-399	129063.0	126755.0
-398	128957.0	126341.0
-397	129109.0	126429.0
-396	129270.0	126699.0
-395	129484.0	126842.0
-394	129558.0	127459.0
-393	129710.0	127140.0
-392	129964.0	126767.0
-391	128799.0	126899.0
-390	128781.0	126971.0
-389	129487.0	126197.0
-388	129533.0	127263.0
-387	129150.0	126895.0
-386	129027.0	126828.0
-385	129332.0	126937.0
-384	129524.0	126864.0
-383	130056.0	127155.0
-382	129501.0	127285.0
-381	129573.0	127258.0
-380	129442.0	126903.0
-379	129391.0	127161.0
-378	129621.0	127065.0
-377	129209.0	126596.0
-376	129333.0	126343.0
-375	130329.0	126363.0
-374	130392.0	126714.0
-373	129636.0	127567.0
-372	129913.0	126870.0
-371	129596.0	127255.0
-370	129320.0	127348.0
-369	130142.0	126975.0
-368	129482.0	126912.0
-367	130206.0	126563.0
-366	129624.0	126324.0
-365	129679.0	127566.0
-364	130232.0	126921.0
-363	130661.0	127028.0
-362	130214.0	127660.0
-361	129981.0	127297.0
-360	130890.0	126976.0
-359	130337.0	127029.0
-358	130455.0	127398.0
-357	129093.0	127412.0
-356	130474.0	127542.0
-355	130576.0	127015.0
-354	130045.0	127170.0
-353	130052.0	127911.0
-352	130139.0	127176.0
-351	130208.0	127447.0
-350	130041.0	126825.0
-349	130139.0	127364.0
-348	130410.0	126854.0
-347	130743.0	127655.0
-346	130350.0	127370.0
-345	130527.0	127462.0
-344	131155.0	127754.0
-343	130529.0	126831.0
-342	130615.0	127465.0
-341	130479.0	127666.0
-340	130330.0	127810.0
-339	130466.0	128087.0
-338	130370.0	127189.0
-337	131395.0	127597.0
-336	130215.0	127754.0
-335	130486.0	127624.0
-334	130224.0	127985.0
-333	130850.0	127635.0
-332	130473.0	128522.0
-331	131151.0	128282.0
-330	130577.0	127558.0
-329	130605.0	127408.0
-328	130579.0	127583.0
-327	131035.0	127331.0
-326	130671.0	127944.0
-325	130721.0	127636.0
-324	130837.0	127731.0
-323	130278.0	128210.0
-322	131224.0	127587.0
-321	130817.0	128130.0
-320	131417.0	128014.0
-319	130963.0	128207.0
-318	130325.0	128611.0
-317	131559.0	127992.0
-316	131406.0	128156.0
-315	130916.0	127492.0
-314	130903.0	128079.0
-313	130708.0	127791.0
-312	131102.0	128018.0
-311	131020.0	128366.0
-310	131039.0	128122.0
-309	131556.0	128775.0
-308	131004.0	128049.0
-307	131591.0	127582.0
-306	131443.0	127859.0
-305	131576.0	128022.0
-304	131169.0	128208.0
-303	131166.0	128352.0
-302	131583.0	128628.0
-301	131714.0	127925.0
-300	131500.0	128506.0
-299	131280.0	128456.0
-298	131437.0	127930.0
-297	131168.0	127995.0
-296	131122.0	127777.0
-295	131404.0	128498.0
-294	131608.0	128721.0
-293	131321.0	127933.0
-292	132102.0	128306.0
-291	131583.0	128476.0
-290	131465.0	128902.0
-289	131839.0	128537.0
-288	131640.0	127950.0
-287	132295.0	128596.0
-286	131786.0	128032.0
-285	131854.0	128006.0
-284	131079.0	128439.0
-283	131948.0	127948.0
-282	131706.0	128554.0
-281	132181.0	127774.0
-280	131459.0	128624.0
-279	132195.0	128400.0
-278	131965.0	128759.0
-277	131668.0	128440.0
-276	132532.0	128606.0
-275	132464.0	128315.0
-274	131832.0	128904.0
-273	132172.0	128939.0
-272	132281.0	128570.0
-271	132643.0	129371.0
-270	132304.0	128660.0
-269	132389.0	128935.0
-268	132152.0	128759.0
-267	133317.0	129151.0
-266	132380.0	129054.0
-265	132782.0	129009.0
-264	132859.0	128833.0
-263	132331.0	129187.0
-262	132929.0	128827.0
-261	133336.0	128907.0
-260	132831.0	129097.0
-259	132888.0	128813.0
-258	132609.0	129152.0
-257	132916.0	128982.0
-256	133337.0	128351.0
-255	133075.0	128637.0
-254	133733.0	129456.0
-253	133348.0	128481.0
-252	133559.0	128730.0
-251	133004.0	128836.0
-250	133249.0	128794.0
-249	133685.0	129380.0
-248	133944.0	128897.0
-247	134208.0	128939.0
-246	133769.0	128425.0
-245	133893.0	129498.0
-244	134282.0	128767.0
-243	133953.0	128838.0
-242	134585.0	129150.0
-241	134303.0	128484.0
-240	134038.0	129174.0
-239	134317.0	129536.0
-238	134091.0	129291.0
-237	133803.0	129815.0
-236	134551.0	129332.0
-235	133896.0	128712.0
-234	135123.0	129346.0
-233	134019.0	129194.0
-232	134258.0	128889.0
-231	134501.0	129131.0
-230	134563.0	129612.0
-229	133944.0	129191.0
-228	133978.0	129662.0
-227	135267.0	129741.0
-226	134840.0	129193.0
-225	134749.0	129306.0
-224	134485.0	129293.0
-223	134719.0	130039.0
-222	135275.0	130072.0
-221	135545.0	129826.0
-220	134937.0	129629.0
-219	134957.0	129831.0
-218	134618.0	129986.0
-217	135608.0	129838.0
-216	135426.0	129846.0
-215	134910.0	129411.0
-214	135338.0	129529.0
-213	135153.0	129603.0
-212	135357.0	129607.0
-211	135352.0	130085.0
-210	135220.0	130294.0
-209	135278.0	129751.0
-208	135370.0	130561.0
-207	135720.0	129903.0
-206	134899.0	130171.0
-205	136066.0	130456.0
-204	135697.0	129089.0
-203	135822.0	129753.0
-202	136030.0	129946.0
-201	136845.0	129529.0
-200	136054.0	130149.0
-199	136114.0	130357.0
-198	136679.0	130005.0
-197	136137.0	130456.0
-196	136636.0	129630.0
-195	136424.0	130591.0
-194	136385.0	130419.0
-193	136346.0	130974.0
-192	136455.0	130220.0
-191	137101.0	130430.0
-190	136850.0	130618.0
-189	136900.0	130824.0
-188	137011.0	130558.0
-187	137313.0	130186.0
-186	137706.0	130485.0
-185	137560.0	130854.0
-184	137060.0	130123.0
-183	136678.0	130636.0
-182	137311.0	130772.0
-181	137666.0	130677.0
-180	137497.0	130665.0
-179	137569.0	131072.0
-178	137609.0	130806.0
-177	137871.0	131343.0
-176	138074.0	131244.0
-175	138356.0	130998.0
-174	137088.0	130351.0
-173	138173.0	130492.0
-172	138832.0	130659.0
-171	138563.0	131026.0
-170	137771.0	130048.0
-169	138390.0	130555.0
-168	138769.0	130080.0
-167	138564.0	130795.0
-166	138772.0	131117.0
-165	138815.0	130588.0
-164	138525.0	130679.0
-163	138439.0	130635.0
-162	138416.0	131066.0
-161	138138.0	130367.0
-160	138657.0	131324.0
-159	139766.0	130482.0
-158	139229.0	130558.0
-157	138658.0	130469.0
-156	139323.0	130903.0
-155	139686.0	130777.0
-154	139795.0	131121.0
-153	139225.0	130677.0
-152	139356.0	131033.0
-151	139768.0	130984.0
-150	139873.0	130343.0
-149	139625.0	131358.0
-148	139617.0	130862.0
-147	139935.0	130967.0
-146	140028.0	130657.0
-145	139562.0	131064.0
-144	139617.0	130486.0
-143	140016.0	130400.0
-142	140299.0	130555.0
-141	139852.0	131339.0
-140	140510.0	131121.0
-139	139995.0	131920.0
-138	140514.0	131266.0
-137	140453.0	131188.0
-136	140708.0	131584.0
-135	140273.0	130832.0
-134	140402.0	131254.0
-133	140150.0	131330.0
-132	140040.0	130894.0
-131	140823.0	131696.0
-130	140754.0	131758.0
-129	140710.0	131069.0
-128	140755.0	131843.0
-127	141109.0	131859.0
-126	140922.0	131385.0
-125	141504.0	131608.0
-124	141302.0	132144.0
-123	141864.0	131396.0
-122	141005.0	131907.0
-121	141250.0	132182.0
-120	141029.0	132233.0
-119	141568.0	131876.0
-118	141196.0	131669.0
-117	142052.0	132446.0
-116	141799.0	132315.0
-115	142423.0	132170.0
-114	142013.0	132112.0
-113	141919.0	132057.0
-112	141619.0	132206.0
-111	141904.0	132665.0
-110	141603.0	131847.0
-109	142349.0	132038.0
-108	142187.0	132708.0
-107	141884.0	132631.0
-106	142528.0	132728.0
-105	142227.0	132692.0
-104	142583.0	132675.0
-103	142278.0	132559.0
-102	142600.0	132749.0
-101	142681.0	132840.0
-100	143655.0	132756.0
-99	142842.0	132196.0
-98	142430.0	133024.0
-97	142937.0	132876.0
-96	142974.0	132218.0
-95	143461.0	132624.0
-94	144219.0	132619.0
-93	143740.0	132692.0
-92	143638.0	133353.0
-91	143049.0	133535.0
-90	144339.0	133609.0
-89	143538.0	133237.0
-88	144012.0	132865.0
-87	143942.0	132565.0
-86	143227.0	133026.0
-85	143636.0	132702.0
-84	144294.0	133437.0
-83	144253.0	133084.0
-82	145094.0	133427.0
-81	143545.0	133297.0
-80	144560.0	133876.0
-79	144890.0	133614.0
-78	145364.0	133908.0
-77	145132.0	132924.0
-76	145217.0	133632.0
-75	144764.0	133878.0
-74	144769.0	134040.0
-73	145415.0	133603.0
-72	145105.0	133667.0
-71	145576.0	134292.0
-70	145227.0	133922.0
-69	145990.0	134129.0
-68	145025.0	134105.0
-67	145671.0	134109.0
-66	145636.0	133831.0
-65	146015.0	134401.0
-64	146127.0	134110.0
-63	146001.0	133704.0
-62	146127.0	134259.0
-61	145989.0	134398.0
-60	145954.0	134702.0
-59	146377.0	134418.0
-58	146423.0	133936.0
-57	145967.0	134157.0
-56	146350.0	134339.0
-55	146304.0	134737.0
-54	146232.0	134386.0
-53	146398.0	135192.0
-52	146372.0	134652.0
-51	146307.0	134817.0
-50	146564.0	134932.0
-49	147310.0	134582.0
-48	147664.0	134914.0
-47	147061.0	134697.0
-46	147143.0	135195.0
-45	146887.0	134938.0
-44	146455.0	135252.0
-43	147063.0	135620.0
-42	147594.0	135354.0
-41	147215.0	135925.0
-40	147585.0	135582.0
-39	148541.0	136011.0
-38	148052.0	135695.0
-37	148313.0	136106.0
-36	148529.0	136085.0
-35	147742.0	136220.0
-34	149229.0	136627.0
-33	149514.0	136393.0
-32	149046.0	136498.0
-31	149433.0	136820.0
-30	149573.0	136939.0
-29	149798.0	137038.0
-28	149654.0	137189.0
-27	150066.0	137383.0
-26	150861.0	137532.0
-25	150728.0	137613.0
-24	151552.0	137134.0
-23	151232.0	137714.0
-22	151775.0	136527.0
-21	151868.0	137627.0
-20	153329.0	137551.0
-19	153326.0	137937.0
-18	153246.0	137647.0
-17	153329.0	138108.0
-16	153072.0	137302.0
-15	153795.0	137086.0
-14	154777.0	137721.0
-13	154462.0	137073.0
-12	153968.0	137889.0
-11	154982.0	137877.0
-10	155368.0	137186.0
-9	156003.0	137364.0
-8	156372.0	136843.0
-7	156983.0	137326.0
-6	157898.0	136977.0
-5	158402.0	137413.0
-4	159045.0	137424.0
-3	159036.0	138356.0
-2	161199.0	137665.0
-1	164846.0	138698.0
0	52956.0	137545.0
1	164079.0	137136.0
2	160758.0	137815.0
3	159583.0	137199.0
4	159117.0	137277.0
5	158978.0	137099.0
6	158083.0	137022.0
7	157138.0	137315.0
8	156862.0	137469.0
9	156370.0	137719.0
10	155948.0	137710.0
11	155463.0	137704.0
12	154614.0	137849.0
13	154304.0	137467.0
14	154601.0	138264.0
15	154189.0	138518.0
16	154002.0	138047.0
17	152528.0	138568.0
18	154083.0	138533.0
19	153144.0	138552.0
20	153064.0	138622.0
21	152764.0	139319.0
22	153118.0	139002.0
23	151789.0	139831.0
24	151798.0	140269.0
25	151137.0	140097.0
26	151533.0	140221.0
27	150604.0	140271.0
28	150590.0	141031.0
29	150987.0	140752.0
30	149559.0	141368.0
31	149499.0	141262.0
32	149426.0	141211.0
33	149522.0	141664.0
34	149151.0	141941.0
35	149462.0	142053.0
36	148415.0	142326.0
37	149618.0	141587.0
38	148605.0	141576.0
39	148413.0	142397.0
40	148381.0	142374.0
41	147711.0	142681.0
42	148019.0	143293.0
43	147834.0	143161.0
44	147281.0	143518.0
45	146821.0	143968.0
46	147826.0	143965.0
47	147925.0	143512.0
48	147486.0	144777.0
49	147021.0	145006.0
50	146977.0	144304.0
51	146853.0	145329.0
52	146571.0	145172.0
53	146504.0	146426.0
54	147099.0	146406.0
55	146298.0	146486.0
56	147093.0	146437.0
57	146887.0	146506.0
58	147001.0	146931.0
59	146151.0	146738.0
60	146487.0	147212.0
61	146024.0	146788.0
62	146502.0	147051.0
63	145811.0	147294.0
64	146561.0	147241.0
65	146663.0	147516.0
66	145796.0	148222.0
67	145654.0	147666.0
68	145255.0	147825.0
69	145793.0	148650.0
70	145866.0	148851.0
71	145491.0	148894.0
72	145581.0	149599.0
73	145809.0	149947.0
74	145405.0	150289.0
75	145246.0	150369.0
76	145256.0	150500.0
77	145936.0	151354.0
78	145578.0	151109.0
79	144637.0	152514.0
80	144834.0	153246.0
81	145123.0	153199.0
82	144897.0	154202.0
83	144941.0	154506.0
84	144589.0	154900.0
85	144218.0	155451.0
86	144984.0	156745.0
87	145026.0	157260.0
88	144231.0	157775.0
89	143608.0	158612.0
90	144211.0	158931.0
91	143817.0	159996.0
92	144338.0	160648.0
93	144336.0	161633.0
94	144341.0	163309.0
95	143893.0	163065.0
96	144406.0	164003.0
97	143574.0	164719.0
98	143940.0	166286.0
99	144733.0	166441.0
100	143168.0	167671.0
101	143440.0	168267.0
102	143475.0	169440.0
103	143216.0	169981.0
104	143225.0	171180.0
105	142687.0	171308.0
106	142525.0	173626.0
107	142515.0	174677.0
108	142949.0	175036.0
109	142559.0	176510.0
110	142076.0	177183.0
111	142498.0	178700.0
112	142202.0	180218.0
113	142323.0	179951.0
114	142455.0	181683.0
115	142287.0	182086.0
116	141992.0	182975.0
117	141836.0	184217.0
118	142183.0	185502.0
119	141255.0	185559.0
120	141912.0	187280.0
121	141572.0	188358.0
122	141318.0	188827.0
123	141708.0	190266.0
124	141607.0	190182.0
125	141338.0	191304.0
126	142164.0	192971.0
127	141290.0	192291.0
128	141255.0	193527.0
129	140989.0	194122.0
130	141074.0	195030.0
131	140588.0	196702.0
132	140502.0	197094.0
133	140825.0	197796.0
134	140554.0	198834.0
135	140873.0	200271.0
136	140568.0	200166.0
137	140193.0	200648.0
138	140933.0	201642.0
139	140959.0	202831.0
140	141175.0	203210.0
141	140142.0	204106.0
142	140822.0	204471.0
143	140052.0	205094.0
144	139946.0	205908.0
145	140348.0	206202.0
146	140324.0	206631.0
147	140437.0	206282.0
148	140460.0	207178.0
149	139691.0	207552.0
150	140250.0	207878.0
151	139618.0	208082.0
152	139431.0	209189.0
153	139332.0	209326.0
154	140060.0	209662.0
155	139642.0	209813.0
156	139768.0	209559.0
157	140666.0	210761.0
158	139034.0	210427.0
159	138956.0	211305.0
160	139437.0	211144.0
161	139069.0	211811.0
162	139733.0	211450.0
163	139254.0	211887.0
164	139680.0	212836.0
165	139692.0	212737.0
166	138871.0	213459.0
167	139412.0	212822.0
168	139151.0	212957.0
169	138772.0	213200.0
170	138716.0	214074.0
171	139209.0	213531.0
172	138018.0	213971.0
173	138695.0	213887.0
174	138649.0	214234.0
175	138194.0	213452.0
176	138315.0	214337.0
177	138441.0	214991.0
178	137944.0	214310.0
179	137736.0	215054.0
180	137801.0	214928.0
181	137700.0	214709.0
182	137716.0	215336.0
183	137617.0	214071.0
184	137549.0	214793.0
185	137948.0	214266.0
186	137464.0	215498.0
187	136949.0	215568.0
188	137395.0	214857.0
189	137810.0	214659.0
190	136696.0	215262.0
191	137141.0	214620.0
192	137093.0	214596.0
193	136354.0	215105.0
194	137102.0	214931.0
195	136717.0	214955.0
196	137169.0	214072.0
197	136289.0	213964.0
198	136856.0	214015.0
199	136643.0	214534.0
200	135963.0	214493.0
201	136894.0	214444.0
202	136368.0	214165.0
203	135961.0	213478.0
204	136366.0	213646.0
205	136247.0	213831.0
206	136440.0	213805.0
207	136494.0	214169.0
208	135819.0	212997.0
209	135853.0	213541.0
210	136081.0	214108.0
211	135937.0	212687.0
212	135673.0	212013.0
213	136102.0	212973.0
214	135687.0	212614.0
215	135641.0	211789.0
216	135648.0	211658.0
217	135389.0	211004.0
218	135372.0	211902.0
219	135941.0	211496.0
220	135362.0	210745.0
221	135341.0	210652.0
222	135252.0	210431.0
223	135427.0	211342.0
224	134439.0	210160.0
225	135028.0	209923.0
226	134930.0	209215.0
227	134582.0	208585.0
228	134715.0	209335.0
229	134802.0	208146.0
230	134951.0	208738.0
231	134440.0	207472.0
232	134477.0	207628.0
233	134592.0	207092.0
234	134509.0	206613.0
235	134661.0	207631.0
236	134336.0	206745.0
237	134673.0	205747.0
238	134342.0	206076.0
239	135465.0	205165.0
240	134311.0	205051.0
241	133580.0	204249.0
242	134422.0	204529.0
243	134364.0	203419.0
244	134229.0	204741.0
245	133574.0	204447.0
246	134036.0	203753.0
247	133361.0	202897.0
248	133944.0	202762.0
249	133430.0	203780.0
250	134098.0	145606.0
251	133731.0	145281.0
252	133722.0	145334.0
253	134067.0	144608.0
254	133537.0	144671.0
255	133690.0	144773.0
256	133340.0	144288.0
257	133274.0	144115.0
258	133532.0	144369.0
259	133099.0	143855.0
260	133316.0	143589.0
261	132849.0	143168.0
262	133325.0	143798.0
263	132254.0	143752.0
264	133275.0	143430.0
265	132668.0	143172.0
266	133498.0	143355.0
267	133384.0	143815.0
268	133005.0	143842.0
269	133433.0	142930.0
270	133343.0	143482.0
271	132256.0	142576.0
272	132674.0	142653.0
273	132625.0	142234.0
274	132119.0	141707.0
275	133091.0	141980.0
276	132661.0	141838.0
277	132273.0	142225.0
278	132252.0	141997.0
279	133036.0	142229.0
280	132631.0	141938.0
281	132770.0	142222.0
282	132079.0	142170.0
283	132454.0	141767.0
284	132341.0	141484.0
285	132011.0	141638.0
286	132328.0	141396.0
287	132152.0	141403.0
288	131739.0	141846.0
289	132180.0	141186.0
290	131891.0	141285.0
291	132417.0	141404.0
292	132019.0	141307.0
293	132209.0	141120.0
294	132143.0	141047.0
295	131254.0	141590.0
296	131846.0	140926.0
297	131687.0	141016.0
298	131649.0	140687.0
299	131972.0	140208.0
300	131402.0	140296.0
301	131442.0	140892.0
302	131877.0	140235.0
303	131894.0	140316.0
304	131064.0	140522.0
305	131213.0	140258.0
306	131861.0	140175.0
307	131192.0	140121.0
308	131620.0	140067.0
309	131522.0	140270.0
310	131454.0	139932.0
311	131694.0	139823.0
312	130842.0	139551.0
313	131279.0	139585.0
314	131767.0	139299.0
315	131906.0	139498.0
316	131498.0	139577.0
317	131051.0	139096.0
318	131672.0	139068.0
319	131378.0	138882.0
320	131101.0	138537.0
321	131386.0	139465.0
322	130750.0	138320.0
323	130985.0	139131.0
324	130411.0	138848.0
325	131198.0	138864.0
326	130766.0	138877.0
327	131669.0	138379.0
328	131121.0	138436.0
329	130721.0	138577.0
330	131139.0	138535.0
331	130714.0	138369.0
332	130988.0	138220.0
333	130701.0	137880.0
334	131195.0	138051.0
335	131138.0	137379.0
336	130598.0	137983.0
337	130912.0	138113.0
338	131600.0	137861.0
339	131015.0	138185.0
340	130797.0	138411.0
341	130878.0	137098.0
342	131099.0	138114.0
343	130361.0	137666.0
344	130713.0	137653.0
345	130705.0	137567.0
346	130180.0	137960.0
347	130935.0	137203.0
348	131228.0	137729.0
349	130494.0	137729.0
350	130778.0	137550.0
351	130261.0	137200.0
352	130962.0	137102.0
353	130602.0	137272.0
354	130520.0	137129.0
355	130293.0	137345.0
356	130470.0	137016.0
357	130048.0	136282.0
358	131027.0	137164.0
359	130447.0	136931.0
360	130466.0	137434.0
361	130023.0	136748.0
362	130766.0	136465.0
363	130201.0	137110.0
364	130625.0	136772.0
365	129490.0	136630.0
366	130362.0	136376.0
367	130510.0	136338.0
368	129687.0	136001.0
369	130290.0	136373.0
370	130806.0	135692.0
371	130183.0	136987.0
372	130764.0	136288.0
373	130476.0	135697.0
374	129975.0	135813.0
375	129337.0	136076.0
376	130184.0	135670.0
377	130384.0	136034.0
378	130361.0	135785.0
379	129711.0	136209.0
380	129439.0	135343.0
381	129450.0	136109.0
382	129885.0	135367.0
383	130186.0	135778.0
384	128899.0	135216.0
385	129549.0	135931.0
386	129536.0	136101.0
387	129533.0	136422.0
388	129826.0	135571.0
389	129533.0	135545.0
390	130034.0	135143.0
391	129546.0	135021.0
392	129654.0	135404.0
393	129829.0	135624.0
394	129683.0	135020.0
395	129708.0	134866.0
396	128896.0	134778.0
397	130241.0	135259.0
398	129351.0	134905.0
399	129035.0	135218.0
400	129469.0	135440.0
401	130004.0	134073.0
402	129573.0	134424.0
403	129503.0	134446.0
404	129319.0	134327.0
405	129307.0	134600.0
406	129707.0	134366.0
407	129120.0	134309.0
408	129705.0	134249.0
409	129437.0	134304.0
410	129586.0	134247.0
411	129025.0	133855.0
412	129701.0	134598.0
413	129168.0	134141.0
414	128878.0	133652.0
415	129519.0	134290.0
416	129264.0	133800.0
417	129801.0	134427.0
418	129285.0	133707.0
419	128906.0	133854.0
420	129377.0	133992.0
421	129198.0	133116.0
422	129709.0	133109.0
423	128597.0	133553.0
424	129235.0	133972.0
425	129178.0	133896.0
426	128662.0	133146.0
427	129429.0	133888.0
428	128392.0	132572.0
429	129182.0	133753.0
430	129450.0	132917.0
431	128876.0	133073.0
432	128451.0	133543.0
433	129476.0	132500.0
434	128639.0	132557.0
435	128736.0	132413.0
436	129797.0	132878.0
437	128995.0	132293.0
438	129027.0	133012.0
439	129614.0	132577.0
440	129315.0	132779.0
441	128726.0	132583.0
442	128150.0	132717.0
443	128960.0	132852.0
444	128158.0	132387.0
445	128395.0	132878.0
446	128191.0	132920.0
447	129145.0	132553.0
448	128677.0	132013.0
449	128522.0	132756.0
450	128627.0	132871.0
451	128967.0	132709.0
452	128374.0	132296.0
453	129002.0	132046.0
454	128508.0	131823.0
455	128363.0	132231.0
456	128534.0	132116.0
457	128596.0	131773.0
458	128174.0	132264.0
459	128159.0	132293.0
460	128966.0	131635.0
461	128691.0	132987.0
462	128330.0	132021.0
463	129080.0	131963.0
464	128265.0	131821.0
465	128506.0	132202.0
466	128701.0	131705.0
467	128321.0	132175.0
468	128748.0	132251.0
469	127840.0	132064.0
470	128241.0	131703.0
471	128436.0	131594.0
472	128519.0	131767.0
473	128743.0	131958.0
474	128222.0	131557.0
475	127873.0	131533.0
476	127923.0	131733.0
477	128467.0	132004.0
478	128367.0	131715.0
479	128024.0	131011.0
480	128266.0	131946.0
481	128494.0	131691.0
482	127681.0	130832.0
483	128154.0	131354.0
484	128109.0	132093.0
485	127864.0	131577.0
486	128143.0	131524.0
487	127951.0	131177.0
488	127416.0	131174.0
489	127981.0	131929.0
490	127861.0	130993.0
491	127827.0	131234.0
492	128445.0	131087.0
493	127823.0	131392.0
494	128081.0	130916.0
495	128012.0	131676.0
496	127508.0	130591.0
497	127982.0	131301.0
498	127796.0	130740.0
499	127489.0	130951.0
500	127136.0	131516.0
501	127442.0	130941.0
502	127832.0	131299.0
503	127929.0	130366.0
504	128136.0	130508.0
505	126978.0	130368.0
506	128035.0	130966.0
507	128191.0	130403.0
508	128463.0	130475.0
509	127215.0	130771.0
510	126895.0	130466.0
511	127707.0	130571.0
512	127253.0	130843.0
513	128012.0	130227.0
514	127663.0	130607.0
515	126909.0	130065.0
516	127642.0	130858.0
517	127457.0	130453.0
518	127398.0	130447.0
519	127826.0	130311.0
520	128060.0	130414.0
521	127536.0	129841.0
522	127684.0	130007.0
523	127282.0	130796.0
524	126933.0	130774.0
525	127452.0	130042.0
526	127572.0	130272.0
527	127503.0	130498.0
528	127526.0	130544.0
529	128080.0	129624.0
530	127314.0	130020.0
531	127539.0	130242.0
532	127157.0	130257.0
533	127343.0	129714.0
534	127718.0	129683.0
535	126852.0	130742.0
536	127521.0	130079.0
537	127118.0	130267.0
538	127528.0	129789.0
539	126982.0	130375.0
540	127575.0	130073.0
541	127192.0	129940.0
542	126581.0	130058.0
543	126726.0	130117.0
544	126574.0	129867.0
545	126383.0	130116.0
546	127049.0	130509.0
547	126751.0	130106.0
548	127170.0	129902.0
549	126864.0	129876.0
550	127111.0	129139.0
551	126226.0	129314.0
552	126871.0	129763.0
553	127125.0	129334.0
554	126468.0	129497.0
555	126825.0	129646.0
556	126468.0	129271.0
557	126933.0	129509.0
558	126738.0	128944.0
559	127154.0	130157.0
560	125886.0	129442.0
561	126278.0	129759.0
562	126898.0	129788.0
563	126738.0	129484.0
564	126417.0	129391.0
565	127024.0	128716.0
566	126981.0	129025.0
567	126639.0	129062.0
568	126826.0	128945.0
569	126485.0	129491.0
570	126690.0	128848.0
571	126630.0	129488.0
572	126954.0	128617.0
573	125778.0	129052.0
574	126946.0	129534.0
575	126774.0	129631.0
576	126420.0	128548.0
577	126585.0	129533.0
578	126459.0	128836.0
579	126845.0	129117.0
580	126661.0	129231.0
581	126450.0	129521.0
582	126939.0	129540.0
583	125880.0	129039.0
584	125988.0	129762.0
585	126413.0	128542.0
586	126666.0	128698.0
587	126708.0	128396.0
588	127024.0	129449.0
589	126300.0	129163.0
590	125884.0	129564.0
591	126957.0	128780.0
592	126027.0	128890.0
593	126375.0	128986.0
594	126197.0	128159.0
595	125391.0	129079.0
596	126557.0	128265.0
597	126529.0	129207.0
598	127016.0	128883.0
599	126424.0	128315.0
600	126651.0	128889.0
601	125186.0	128126.0
602	126274.0	128942.0
603	126296.0	128244.0
604	125517.0	128950.0
605	126040.0	128497.0
606	126375.0	128365.0
607	126377.0	128297.0
608	125648.0	128664.0
609	126346.0	128481.0
610	126491.0	128289.0
611	125542.0	128463.0
612	125530.0	128182.0
613	126030.0	128131.0
614	125714.0	128262.0
615	125892.0	128370.0
616	125183.0	128899.0
617	125858.0	128304.0
618	125655.0	129305.0
619	125256.0	128056.0
620	125913.0	128207.0
621	126473.0	128376.0
622	125810.0	128342.0
623	126077.0	128499.0
624	125922.0	128287.0
625	125925.0	128324.0
626	125822.0	128272.0
627	125704.0	127834.0
628	126001.0	127775.0
629	126434.0	128417.0
630	125996.0	128268.0
631	126305.0	128004.0
632	125431.0	128274.0
633	125868.0	128186.0
634	125616.0	128095.0
635	125594.0	128238.0
636	125799.0	127819.0
637	125787.0	127900.0
638	125690.0	128049.0
639	125529.0	127874.0
640	125544.0	128428.0
641	125603.0	128021.0
642	126297.0	128984.0
643	125184.0	128417.0
644	126139.0	127583.0
645	126252.0	127950.0
646	125914.0	128784.0
647	125329.0	128190.0
648	125727.0	128265.0
649	125772.0	128175.0
650	125642.0	128014.0
651	125560.0	127988.0
652	125964.0	128202.0
653	125215.0	128041.0
654	125469.0	127772.0
655	125299.0	128136.0
656	126017.0	128617.0
657	125259.0	128016.0
658	124991.0	128091.0
659	125583.0	127025.0
660	125063.0	127541.0
661	125949.0	128014.0
662	125252.0	128168.0
663	125572.0	128379.0
664	125437.0	128050.0
665	125517.0	127737.0
666	125407.0	128298.0
667	124963.0	127240.0
668	124863.0	127839.0
669	125211.0	127870.0
670	124571.0	127704.0
671	124940.0	127712.0
672	125623.0	127879.0
673	125611.0	127482.0
674	125358.0	127791.0
675	125428.0	127838.0
676	125029.0	127607.0
677	124774.0	126913.0
678	125039.0	127405.0
679	125337.0	127321.0
680	125271.0	127556.0
681	124856.0	126977.0
682	125457.0	127314.0
683	125415.0	127139.0
684	125601.0	127585.0
685	125676.0	127632.0
686	125404.0	127665.0
687	124863.0	128178.0
688	125248.0	127562.0
689	125608.0	127117.0
690	125359.0	127418.0
691	124495.0	127677.0
692	124920.0	127534.0
693	124936.0	126865.0
694	124804.0	127010.0
695	124992.0	127188.0
696	124595.0	127731.0
697	125093.0	127657.0
698	125166.0	127117.0
699	124887.0	126502.0
700	124805.0	126926.0
701	124787.0	127075.0
702	124873.0	127355.0
703	124537.0	127031.0
704	125076.0	127451.0
705	124633.0	127069.0
706	124632.0	127564.0
707	124506.0	127358.0
708	124528.0	126097.0
709	124999.0	126782.0
710	124357.0	127624.0
711	124379.0	127096.0
712	124642.0	127716.0
713	125232.0	127069.0
714	124447.0	127087.0
715	124662.0	126731.0
716	124640.0	126755.0
717	123917.0	126895.0
718	124813.0	126939.0
719	123990.0	126586.0
720	124982.0	127104.0
721	124524.0	126188.0
722	124026.0	127015.0
723	124957.0	126863.0
724	124478.0	127078.0
725	124836.0	127211.0
726	124697.0	126596.0
727	124092.0	125851.0
728	124307.0	126922.0
729	124151.0	126671.0
730	123929.0	126967.0
731	124190.0	126972.0
732	124432.0	126515.0
733	124724.0	125928.0
734	124755.0	126697.0
735	125294.0	126392.0
736	124810.0	126568.0
737	123501.0	126820.0
738	124125.0	126523.0
739	124478.0	126571.0
740	124574.0	126332.0
741	123835.0	126261.0
742	124323.0	126174.0
743	124005.0	125986.0
744	124323.0	126515.0
745	124354.0	126783.0
746	123466.0	126329.0
747	123697.0	126726.0
748	124137.0	126650.0
749	124102.0	125759.0
750	124472.0	126321.0
751	123823.0	126707.0
752	124009.0	126580.0
753	123301.0	126731.0
754	124597.0	125997.0
755	123711.0	126156.0
756	123814.0	126218.0
757	123670.0	125922.0
758	124038.0	125966.0
759	123942.0	125765.0
760	123680.0	126162.0
761	124289.0	126237.0
762	123692.0	126066.0
763	123527.0	126028.0
764	123736.0	126150.0
765	124125.0	126249.0
766	124207.0	126335.0
767	124145.0	126085.0
768	124211.0	125901.0
769	123809.0	126221.0
770	123666.0	126567.0
771	123757.0	126607.0
772	124239.0	125554.0
773	123760.0	125775.0
774	123815.0	125952.0
775	124810.0	126485.0
776	124032.0	125639.0
777	123652.0	125910.0
778	123864.0	125291.0
779	124144.0	125833.0
780	123711.0	125573.0
781	123733.0	125852.0
782	123591.0	125711.0
783	123675.0	126788.0
784	123157.0	125054.0
785	122905.0	125946.0
786	123988.0	126147.0
787	123691.0	125535.0
788	123706.0	125838.0
789	123755.0	125996.0
790	123732.0	125348.0
791	123920.0	125983.0
792	124319.0	125860.0
793	123738.0	125564.0
794	123968.0	125858.0
795	123879.0	125630.0
796	123689.0	125809.0
797	123760.0	125163.0
798	123371.0	126302.0
799	123504.0	125291.0
800	123815.0	125871.0
801	124095.0	125320.0
802	123898.0	125669.0
803	123440.0	125690.0
804	123412.0	125947.0
805	123476.0	125606.0
806	123559.0	125191.0
807	123671.0	126095.0
808	123702.0	125451.0
809	123747.0	125740.0
810	123594.0	125258.0
811	123374.0	125324.0
812	123236.0	125059.0
813	123468.0	125491.0
814	123093.0	125572.0
815	124118.0	125570.0
816	124199.0	125680.0
817	123661.0	125219.0
818	123363.0	125760.0
819	123231.0	125502.0
820	123606.0	125732.0
821	123999.0	125042.0
822	123080.0	124895.0
823	124008.0	125308.0
824	123304.0	124911.0
825	123341.0	125438.0
826	123871.0	126044.0
827	123664.0	125388.0
828	123747.0	125503.0
829	123659.0	125075.0
830	122549.0	125722.0
831	123785.0	125188.0
832	123581.0	124380.0
833	123436.0	125227.0
834	123335.0	125357.0
835	123186.0	125423.0
836	123158.0	125254.0
837	122808.0	125433.0
838	123524.0	124692.0
839	123469.0	125357.0
840	123083.0	125498.0
841	123662.0	124814.0
842	123644.0	124526.0
843	123275.0	125141.0
844	123241.0	124989.0
845	122947.0	125392.0
846	123221.0	125011.0
847	122947.0	125214.0
848	123565.0	124689.0
849	123719.0	124916.0
850	123207.0	124959.0
851	122144.0	124707.0
852	123235.0	125022.0
853	122718.0	124786.0
854	122645.0	125062.0
855	123228.0	125287.0
856	122689.0	124648.0
857	122913.0	124862.0
858	122531.0	124808.0
859	122934.0	125101.0
860	122235.0	124551.0
861	122753.0	124585.0
862	122729.0	125148.0
863	122784.0	124711.0
864	123182.0	125243.0
865	122611.0	124449.0
866	123156.0	124884.0
867	123163.0	124613.0
868	122668.0	124341.0
869	122452.0	125004.0
870	123168.0	124346.0
871	122951.0	124196.0
872	122458.0	124609.0
873	122614.0	124875.0
874	122757.0	124245.0
875	123437.0	124610.0
876	122627.0	124756.0
877	122962.0	123991.0
878	122983.0	124456.0
879	122437.0	124106.0
880	122685.0	124596.0
881	122967.0	124315.0
882	122490.0	124418.0
883	122342.0	124254.0
884	122700.0	124503.0
885	122992.0	124346.0
886	122538.0	124147.0
887	122790.0	124214.0
888	123081.0	124581.0
889	122950.0	124052.0
890	122853.0	124537.0
891	122929.0	124756.0
892	122547.0	124472.0
893	122890.0	124171.0
894	122086.0	124665.0
895	121711.0	124520.0
896	122867.0	123781.0
897	121842.0	124504.0
898	122527.0	124827.0
899	122885.0	124046.0
900	122220.0	123947.0
901	122177.0	124121.0
902	122852.0	124193.0
903	122282.0	123730.0
904	122901.0	124342.0
905	122247.0	123606.0
906	122111.0	123939.0
907	122833.0	124776.0
908	122666.0	124049.0
909	122449.0	123867.0
910	122144.0	124264.0
911	122828.0	123609.0
912	122266.0	124340.0
913	122475.0	123967.0
914	122901.0	123322.0
915	122655.0	125091.0
916	122361.0	124606.0
917	123068.0	123949.0
918	122484.0	123975.0
919	122527.0	124132.0
920	121778.0	123577.0
921	122737.0	123939.0
922	122431.0	124167.0
923	121688.0	123709.0
924	122132.0	124108.0
925	122593.0	123917.0
926	121533.0	123782.0
927	121669.0	124565.0
928	122341.0	123891.0
929	122113.0	123604.0
930	121718.0	123621.0
931	122017.0	123703.0
932	122089.0	123682.0
933	122407.0	123839.0
934	122968.0	124395.0
935	122765.0	124232.0
936	122058.0	123992.0
937	122508.0	123710.0
938	121886.0	124166.0
939	122456.0	124173.0
940	121847.0	123425.0
941	121637.0	124058.0
942	122205.0	124169.0
943	121900.0	123863.0
944	122096.0	123250.0
945	122172.0	124167.0
946	121796.0	123802.0
947	122326.0	123818.0
948	122213.0	123741.0
949	121406.0	123944.0
950	121630.0	123473.0
951	122438.0	123437.0
952	122091.0	123589.0
953	121586.0	124318.0
954	122404.0	123966.0
955	122266.0	123823.0
956	122435.0	123568.0
957	121943.0	123430.0
958	121813.0	123666.0
959	121731.0	123360.0
960	122030.0	123500.0
961	122316.0	123087.0
962	121779.0	123915.0
963	121779.0	123537.0
964	121954.0	123348.0
965	122216.0	123758.0
966	122171.0	123454.0
967	121610.0	123457.0
968	121726.0	122919.0
969	121899.0	123948.0
970	122416.0	123379.0
971	121954.0	123878.0
972	121578.0	123484.0
973	122322.0	123649.0
974	121916.0	122638.0
975	122025.0	123331.0
976	121652.0	123216.0
977	121822.0	122928.0
978	121874.0	123778.0
979	121520.0	123930.0
980	121887.0	123128.0
981	121700.0	123135.0
982	121854.0	123735.0
983	121609.0	123952.0
984	121979.0	123811.0
985	121733.0	122563.0
986	121512.0	122912.0
987	121784.0	123953.0
988	122034.0	122757.0
989	121800.0	122695.0
990	121324.0	123283.0
991	122124.0	122929.0
992	121787.0	122580.0
993	121515.0	123890.0
994	122424.0	122919.0
995	122094.0	123682.0
996	121957.0	123504.0
997	121867.0	122963.0
998	121403.0	122960.0
999	121273.0	123225.0
1000	121842.0	123527.0
1001	122292.0	123648.0
1002	122193.0	123305.0
1003	121690.0	122530.0
1004	121414.0	122617.0
1005	121712.0	123002.0
1006	120742.0	123217.0
1007	121429.0	123186.0
1008	120921.0	123690.0
1009	121347.0	123040.0
1010	121709.0	123015.0
1011	121469.0	123384.0
1012	121861.0	122799.0
1013	121811.0	123007.0
1014	121304.0	122494.0
1015	122021.0	122769.0
1016	121812.0	123180.0
1017	121537.0	122771.0
1018	121271.0	122431.0
1019	121737.0	123688.0
1020	121160.0	122848.0
1021	121358.0	122581.0
1022	121201.0	122696.0
1023	121417.0	122806.0
1024	121565.0	122663.0
1025	121188.0	122605.0
1026	121601.0	122790.0
1027	121753.0	123095.0
1028	121693.0	123026.0
1029	121467.0	122970.0
1030	121735.0	122438.0
1031	120913.0	122576.0
1032	121555.0	123183.0
1033	121257.0	123541.0
1034	121158.0	123701.0
1035	121204.0	122665.0
1036	121740.0	122948.0
1037	121382.0	122464.0
1038	121431.0	123204.0
1039	121364.0	122186.0
1040	121711.0	122648.0
1041	121446.0	123003.0
1042	121080.0	122904.0
1043	121474.0	122506.0
1044	121147.0	122273.0
1045	121553.0	122745.0
1046	121417.0	122700.0
1047	121277.0	122685.0
1048	121480.0	122481.0
1049	121794.0	122379.0
1050	121065.0	123207.0
1051	120992.0	122592.0
1052	121132.0	122676.0
1053	121183.0	122131.0
1054	121514.0	121898.0
1055	121120.0	122361.0
1056	121254.0	122362.0
1057	120477.0	122564.0
1058	121106.0	122658.0
1059	120187.0	122617.0
1060	120810.0	122919.0
1061	120711.0	122671.0
1062	121144.0	122134.0
1063	121636.0	122269.0
1064	120773.0	122578.0
1065	120971.0	122877.0
1066	121000.0	122547.0
1067	120897.0	122595.0
1068	121004.0	122649.0
1069	120206.0	121701.0
1070	120940.0	122173.0
1071	121395.0	122271.0
1072	120835.0	122953.0
1073	120521.0	122342.0
1074	120784.0	122309.0
1075	120473.0	122418.0
1076	120911.0	122180.0
1077	120714.0	122529.0
1078	120875.0	122386.0
1079	120974.0	122618.0
1080	121042.0	122327.0
1081	121186.0	122511.0
1082	121144.0	122513.0
1083	120995.0	122317.0
1084	121128.0	122115.0
1085	120854.0	123068.0
1086	121169.0	121747.0
1087	120767.0	121780.0
1088	120595.0	121633.0
1089	121061.0	121888.0
1090	120462.0	122858.0
1091	120556.0	122565.0
1092	120338.0	122924.0
1093	121452.0	122606.0
1094	120983.0	122057.0
1095	121156.0	122059.0
1096	120407.0	121979.0
1097	120503.0	122401.0
1098	121111.0	121722.0
1099	120873.0	122742.0
1100	120594.0	122502.0
1101	120392.0	122296.0
1102	120705.0	121831.0
1103	120551.0	122190.0
1104	120907.0	122333.0
1105	120523.0	122404.0
1106	120096.0	121937.0
1107	120517.0	121789.0
1108	121091.0	121355.0
1109	120465.0	121623.0
1110	120659.0	121815.0
1111	120485.0	122153.0
1112	120630.0	122100.0
1113	120618.0	121650.0
1114	120942.0	122328.0
1115	120855.0	122320.0
1116	120681.0	122278.0
1117	120321.0	122428.0
1118	120228.0	121970.0
1119	120559.0	122505.0
1120	120323.0	121797.0
1121	120083.0	121865.0
1122	120671.0	120890.0
1123	121257.0	122737.0
1124	120862.0	122036.0
1125	119982.0	121785.0
1126	120795.0	122438.0
1127	120948.0	121778.0
1128	120673.0	122166.0
1129	120778.0	122178.0
1130	120411.0	121623.0
1131	120085.0	122197.0
1132	120596.0	121569.0
1133	120836.0	121810.0
1134	120677.0	122289.0
1135	120572.0	121381.0
1136	119902.0	121306.0
1137	119697.0	121769.0
1138	120247.0	121657.0
1139	120500.0	121727.0
1140	120296.0	121732.0
1141	120679.0	121688.0
1142	120518.0	121015.0
1143	120463.0	121461.0
1144	120614.0	121796.0
1145	120655.0	121928.0
1146	119991.0	121922.0
1147	120163.0	121333.0
1148	120253.0	121537.0
1149	120692.0	121843.0
1150	119877.0	121769.0
1151	120731.0	121577.0
1152	120293.0	121308.0
1153	119832.0	121660.0
1154	120113.0	121238.0
1155	120315.0	121743.0
1156	120536.0	121652.0
1157	120301.0	121173.0
1158	120345.0	121655.0
1159	119912.0	121545.0
1160	120014.0	122511.0
1161	120440.0	121438.0
1162	120324.0	121773.0
1163	119940.0	121979.0
1164	120145.0	122301.0
1165	119998.0	121395.0
1166	119678.0	121171.0
1167	120352.0	121026.0
1168	120371.0	121481.0
1169	119874.0	121929.0
1170	119585.0	121855.0
1171	119835.0	121564.0
1172	119745.0	121970.0
1173	120190.0	121930.0
1174	120307.0	121531.0
1175	119542.0	121119.0
1176	119507.0	121260.0
1177	119686.0	121237.0
1178	120097.0	120844.0
1179	120086.0	121464.0
1180	119746.0	121974.0
1181	120130.0	122200.0
1182	119719.0	121339.0
1183	120143.0	121666.0
1184	119498.0	122037.0
1185	119741.0	120799.0
1186	119498.0	120877.0
1187	119108.0	121090.0
1188	119476.0	121843.0
1189	119471.0	121161.0
1190	119644.0	121000.0
1191	119824.0	120950.0
1192	119191.0	121650.0
1193	119902.0	121777.0
1194	119877.0	121033.0
1195	120013.0	121096.0
1196	119837.0	121722.0
1197	119933.0	120817.0
1198	119517.0	121051.0
1199	119575.0	121459.0
1200	119830.0	121216.0
1201	119738.0	121242.0
1202	119723.0	121197.0
1203	119990.0	120682.0
1204	119770.0	121533.0
1205	119833.0	120996.0
1206	120168.0	121509.0
1207	119619.0	121534.0
1208	119270.0	121180.0
1209	119734.0	121168.0
1210	119414.0	120660.0
1211	119643.0	121305.0
1212	119289.0	120603.0
1213	119318.0	121066.0
1214	119827.0	120706.0
1215	119711.0	120636.0
1216	119265.0	120768.0
1217	119222.0	121836.0
1218	120066.0	121203.0
1219	119786.0	120844.0
1220	120179.0	120935.0
1221	119672.0	121074.0
1222	118986.0	121050.0
1223	119797.0	120614.0
1224	119444.0	121383.0
1225	119685.0	121103.0
1226	119643.0	120504.0
1227	119518.0	120805.0
1228	119719.0	121163.0
1229	119163.0	120680.0
1230	119616.0	120929.0
1231	120020.0	120839.0
1232	119626.0	120738.0
1233	119693.0	121023.0
1234	120104.0	120942.0
1235	119146.0	120576.0
1236	120207.0	120784.0
1237	119926.0	120752.0
1238	118961.0	121070.0
1239	119631.0	120962.0
1240	119750.0	121249.0
1241	119735.0	120638.0
1242	119053.0	120587.0
1243	118549.0	120211.0
1244	119639.0	120998.0
1245	119513.0	120238.0
1246	119356.0	120896.0
1247	119236.0	120822.0
1248	119840.0	120411.0
1249	118956.0	120593.0
1250	119443.0	120466.0
1251	119119.0	120853.0
1252	119431.0	121022.0
1253	119264.0	120339.0
1254	119599.0	120690.0
1255	119808.0	120114.0
1256	118867.0	120296.0
1257	119331.0	120892.0
1258	119497.0	120473.0
1259	118772.0	120868.0
1260	119327.0	121124.0
1261	119698.0	121428.0
1262	119647.0	120471.0
1263	119651.0	120217.0
1264	119154.0	120551.0
1265	119720.0	120965.0
1266	119322.0	120592.0
1267	118455.0	121389.0
1268	119353.0	120413.0
1269	119296.0	120044.0
1270	119329.0	121043.0
1271	119670.0	120365.0
1272	119483.0	120967.0
1273	118849.0	121046.0
1274	119002.0	120762.0
1275	119800.0	120834.0
1276	119020.0	120731.0
1277	118775.0	121196.0
1278	119070.0	120944.0
1279	118886.0	120272.0
1280	118709.0	120676.0
1281	119579.0	120232.0
1282	118980.0	119937.0
1283	119113.0	120283.0
1284	118970.0	120346.0
1285	119212.0	120275.0
1286	119001.0	120458.0
1287	119114.0	120240.0
1288	119207.0	119748.0
1289	119564.0	120414.0
1290	119345.0	120461.0
1291	119190.0	120600.0
1292	119578.0	120401.0
1293	119190.0	119756.0
1294	119076.0	119879.0
1295	118853.0	120200.0
1296	118733.0	120648.0
1297	119472.0	120745.0
1298	119565.0	120318.0
1299	118741.0	119775.0
1300	119387.0	120673.0
1301	119250.0	120066.0
1302	118904.0	119948.0
1303	118742.0	120404.0
1304	119158.0	119982.0
1305	118984.0	120143.0
1306	118934.0	120637.0
1307	118602.0	119522.0
1308	119286.0	120309.0
1309	119139.0	119670.0
1310	119144.0	119819.0
1311	119251.0	119929.0
1312	119490.0	120098.0
1313	119382.0	120280.0
1314	118788.0	120248.0
1315	119486.0	120094.0
1316	118776.0	119693.0
1317	119583.0	120772.0
1318	119013.0	120954.0
1319	119127.0	120286.0
1320	119246.0	119717.0
1321	118694.0	120158.0
1322	119032.0	120280.0
1323	118806.0	120387.0
1324	118801.0	119715.0
1325	118798.0	120113.0
1326	118588.0	120295.0
1327	118150.0	120088.0
1328	117474.0	120618.0
1329	118261.0	119838.0
1330	119053.0	120140.0
1331	118253.0	119817.0
1332	118546.0	119440.0
1333	118673.0	120398.0
1334	118228.0	120005.0
1335	118343.0	119554.0
1336	118493.0	119975.0
1337	118654.0	119856.0
1338	119021.0	119895.0
1339	118774.0	119805.0
1340	118511.0	119663.0
1341	118390.0	120283.0
1342	118247.0	119330.0
1343	118905.0	120340.0
1344	118619.0	119806.0
1345	118960.0	120047.0
1346	118808.0	120272.0
1347	118414.0	120166.0
1348	118517.0	119331.0
1349	118289.0	120125.0
1350	118815.0	119942.0
1351	118606.0	119116.0
1352	118800.0	119642.0
1353	118430.0	120353.0
1354	118867.0	120241.0
1355	118846.0	120342.0
1356	117936.0	119631.0
1357	118835.0	119682.0
1358	118414.0	119891.0
1359	118686.0	119617.0
1360	118024.0	120022.0
1361	118433.0	119196.0
1362	118569.0	119629.0
1363	118835.0	119915.0
1364	118523.0	119373.0
1365	118374.0	119477.0
1366	118889.0	119252.0
1367	118155.0	118885.0
1368	118554.0	119659.0
1369	118908.0	119653.0
1370	118755.0	119618.0
1371	118428.0	119690.0
1372	118419.0	119474.0
1373	118204.0	119768.0
1374	118636.0	120069.0
1375	118720.0	119364.0
1376	118287.0	119765.0
1377	118474.0	120321.0
1378	118342.0	119787.0
1379	118657.0	119269.0
1380	119246.0	119306.0
1381	117691.0	119090.0
1382	118078.0	119468.0
1383	118879.0	118948.0
1384	117849.0	119584.0
1385	118214.0	119639.0
1386	118219.0	118794.0
1387	118308.0	119688.0
1388	118492.0	119418.0
1389	118155.0	119662.0
1390	118238.0	119563.0
1391	118337.0	119250.0
1392	118665.0	119058.0
1393	118998.0	119383.0
1394	118812.0	119514.0
1395	118470.0	119029.0
1396	118780.0	119375.0
1397	118280.0	119825.0
1398	118414.0	118781.0
1399	118268.0	119273.0
1400	118310.0	118952.0
1401	117965.0	119701.0
1402	118595.0	119072.0
1403	117668.0	119517.0
1404	118385.0	119488.0
1405	118357.0	119469.0
1406	118524.0	119742.0
1407	118752.0	119527.0
1408	117975.0	119022.0
1409	118134.0	119193.0
1410	118454.0	118820.0
1411	117922.0	119104.0
1412	118463.0	119292.0
1413	117535.0	119062.0
1414	117724.0	119614.0
1415	118155.0	119316.0
1416	118539.0	119259.0
1417	118554.0	119594.0
1418	118738.0	119350.0
1419	118121.0	119511.0
1420	118298.0	119312.0
1421	118270.0	119448.0
1422	118152.0	119224.0
1423	118139.0	118684.0
1424	117984.0	119715.0
1425	118241.0	118780.0
1426	117746.0	119753.0
1427	118343.0	119750.0
1428	117532.0	119388.0
1429	117526.0	118985.0
1430	118652.0	119858.0
1431	117776.0	118825.0
1432	117745.0	119319.0
1433	117525.0	119328.0
1434	117630.0	119202.0
1435	118162.0	119438.0
1436	118185.0	119056.0
1437	117566.0	119309.0
1438	117654.0	119304.0
1439	117728.0	118353.0
1440	118299.0	119112.0
1441	117206.0	118973.0
1442	117670.0	118901.0
1443	117219.0	119231.0
1444	118732.0	119035.0
1445	117626.0	119155.0
1446	118008.0	118805.0
1447	117771.0	119254.0
1448	118487.0	118513.0
1449	117174.0	119268.0
1450	117515.0	119820.0
1451	117387.0	118722.0
1452	118131.0	119661.0
1453	117771.0	118815.0
1454	118020.0	118983.0
1455	117264.0	119248.0
1456	117754.0	118641.0
1457	117578.0	118667.0
1458	117694.0	119309.0
1459	117606.0	119005.0
1460	117491.0	118780.0
1461	117675.0	118830.0
1462	117066.0	118626.0
1463	118286.0	118610.0
1464	117582.0	118957.0
1465	117883.0	118806.0
1466	117970.0	119573.0
1467	117522.0	118709.0
1468	118218.0	118187.0
1469	117474.0	119090.0
1470	117530.0	118891.0
1471	118208.0	118148.0
1472	118299.0	118862.0
1473	118283.0	119403.0
1474	118312.0	119092.0
1475	118123.0	119037.0
1476	117888.0	118834.0
1477	118311.0	118231.0
1478	117890.0	118876.0
1479	118183.0	118175.0
1480	117845.0	118495.0
1481	117890.0	117985.0
1482	117888.0	118695.0
1483	117115.0	118906.0
1484	117590.0	118344.0
1485	117531.0	118600.0
1486	117455.0	118966.0
1487	118189.0	118460.0
1488	117837.0	119075.0
1489	117586.0	118454.0
1490	117590.0	118940.0
1491	117620.0	118641.0
1492	117431.0	118742.0
1493	117594.0	119014.0
1494	117562.0	118305.0
1495	117482.0	118706.0
1496	117596.0	118116.0
1497	117934.0	119284.0
1498	117739.0	118719.0
1499	117551.0	118470.0
1500	117838.0	118691.0
1501	117923.0	118720.0
1502	117291.0	118395.0
1503	117561.0	118850.0
1504	117241.0	118342.0
1505	117632.0	118283.0
1506	117385.0	118148.0
1507	116979.0	118294.0
1508	117656.0	118040.0
1509	117452.0	117819.0
1510	117536.0	119091.0
1511	117584.0	118624.0
1512	117661.0	118618.0
1513	117789.0	118531.0
1514	117222.0	118387.0
1515	117071.0	117758.0
1516	117122.0	119120.0
1517	117621.0	118432.0
1518	117561.0	119154.0
1519	117357.0	118949.0
1520	118350.0	118318.0
1521	117137.0	119043.0
1522	117648.0	118597.0
1523	117583.0	118104.0
1524	118151.0	119198.0
1525	116823.0	118239.0
1526	117399.0	118272.0
1527	117442.0	118523.0
1528	117253.0	118364.0
1529	117468.0	118522.0
1530	117190.0	118484.0
1531	117890.0	118898.0
1532	117681.0	118576.0
1533	117654.0	118908.0
1534	117368.0	118542.0
1535	117693.0	118611.0
1536	117160.0	118925.0
1537	117457.0	119058.0
1538	117750.0	117824.0
1539	117903.0	117997.0
1540	116937.0	118167.0
1541	117388.0	118383.0
1542	116871.0	118727.0
1543	117186.0	117995.0
1544	117273.0	117667.0
1545	117154.0	118049.0
1546	117408.0	118534.0
1547	116695.0	118357.0
1548	117621.0	118720.0
1549	117287.0	117859.0
1550	117370.0	118268.0
1551	117413.0	118262.0
1552	116882.0	118376.0
1553	116803.0	117793.0
1554	117253.0	117506.0
1555	117854.0	118102.0
1556	116806.0	118142.0
1557	116108.0	118702.0
1558	116449.0	118527.0
1559	117342.0	118403.0
1560	116821.0	118364.0
1561	116883.0	118286.0
1562	117831.0	118021.0
1563	117149.0	118419.0
1564	117197.0	118060.0
1565	117433.0	117973.0
1566	117495.0	118669.0
1567	117043.0	118216.0
1568	117045.0	118455.0
1569	117595.0	118105.0
1570	117727.0	118378.0
1571	117305.0	117357.0
1572	116670.0	118287.0
1573	117614.0	118242.0
1574	117118.0	118153.0
1575	117208.0	118827.0
1576	117146.0	118394.0
1577	117467.0	117872.0
1578	116975.0	117811.0
1579	117302.0	117208.0
1580	117780.0	117843.0
1581	117597.0	118501.0
1582	116722.0	118395.0
1583	116955.0	117994.0
1584	117098.0	118267.0
1585	117008.0	117638.0
1586	117080.0	118634.0
1587	117618.0	118577.0
1588	117078.0	118007.0
1589	117337.0	117538.0
1590	117610.0	118728.0
1591	116422.0	118038.0
1592	117444.0	117930.0
1593	117544.0	117866.0
1594	117402.0	117816.0
1595	117165.0	117978.0
1596	116991.0	118155.0
1597	116696.0	117626.0
1598	117145.0	117750.0
1599	117662.0	118284.0
1600	116735.0	117634.0
1601	116060.0	118553.0
1602	117118.0	117668.0
1603	116107.0	117566.0
1604	117468.0	117743.0
1605	116754.0	118135.0
1606	117065.0	117773.0
1607	116513.0	118143.0
1608	116649.0	117941.0
1609	117056.0	117729.0
1610	116900.0	117948.0
1611	116602.0	117440.0
1612	116496.0	118492.0
1613	117291.0	117797.0
1614	117270.0	117640.0
1615	116907.0	118014.0
1616	117025.0	118307.0
1617	116520.0	118388.0
1618	116815.0	118230.0
1619	117048.0	117744.0
1620	116899.0	118283.0
1621	116979.0	118176.0
1622	116617.0	118135.0
1623	116967.0	117578.0
1624	116345.0	118075.0
1625	116323.0	118118.0
1626	117281.0	117744.0
1627	117042.0	117973.0
1628	116516.0	117529.0
1629	116754.0	117463.0
1630	116959.0	117736.0
1631	116383.0	118148.0
1632	116860.0	117029.0
1633	117137.0	117508.0
1634	117069.0	118058.0
1635	117267.0	117739.0
1636	116155.0	117808.0
1637	116605.0	117744.0
1638	117253.0	117909.0
1639	116888.0	117763.0
1640	116529.0	118311.0
1641	116416.0	117736.0
1642	117162.0	117971.0
1643	116294.0	118228.0
1644	117082.0	117347.0
1645	116794.0	117765.0
1646	116734.0	118133.0
1647	116939.0	117977.0
1648	116723.0	117849.0
1649	116416.0	117531.0
1650	115805.0	117544.0
1651	117067.0	117328.0
1652	116158.0	118055.0
1653	116650.0	117510.0
1654	116084.0	117694.0
1655	116341.0	117921.0
1656	116524.0	117762.0
1657	116791.0	118029.0
1658	116642.0	116892.0
1659	116717.0	116845.0
1660	115768.0	117691.0
1661	116258.0	117298.0
1662	116294.0	118549.0
1663	116550.0	117425.0
1664	116985.0	117672.0
1665	116778.0	117599.0
1666	116292.0	117720.0
1667	116465.0	117356.0
1668	116373.0	117291.0
1669	116329.0	117168.0
1670	116079.0	116990.0
1671	116234.0	117183.0
1672	116408.0	117717.0
1673	116859.0	118056.0
1674	116162.0	117411.0
1675	116017.0	117277.0
1676	116206.0	117522.0
1677	116120.0	117371.0
1678	116530.0	117702.0
1679	116554.0	117362.0
1680	116180.0	117725.0
1681	115908.0	117642.0
1682	116370.0	117109.0
1683	116700.0	117248.0
1684	116591.0	116551.0
1685	116490.0	117617.0
1686	116150.0	117435.0
1687	116560.0	117245.0
1688	116064.0	117520.0
1689	117053.0	117671.0
1690	116473.0	116960.0
1691	116950.0	117159.0
1692	116026.0	117343.0
1693	116368.0	117197.0
1694	116194.0	116606.0
1695	116301.0	117189.0
1696	116509.0	117243.0
1697	116163.0	116763.0
1698	116328.0	118081.0
1699	115158.0	117037.0
1700	115891.0	117139.0
1701	115997.0	117199.0
1702	115786.0	117151.0
1703	116234.0	116933.0
1704	116398.0	117164.0
1705	116190.0	116884.0
1706	116743.0	116706.0
1707	116640.0	117745.0
1708	115991.0	117259.0
1709	115882.0	117400.0
1710	116401.0	117019.0
1711	116327.0	117644.0
1712	116011.0	117129.0
1713	116124.0	117468.0
1714	115858.0	116882.0
1715	115679.0	116971.0
1716	115979.0	117112.0
1717	115789.0	117934.0
1718	115771.0	117204.0
1719	116646.0	117096.0
1720	116133.0	116730.0
1721	116314.0	117007.0
1722	116587.0	117216.0
1723	116326.0	117078.0
1724	115775.0	116460.0
1725	116278.0	117586.0
1726	115542.0	116748.0
1727	116087.0	117087.0
1728	116187.0	116937.0
1729	116030.0	116916.0
1730	116293.0	117445.0
1731	116138.0	117114.0
1732	115933.0	117157.0
1733	115815.0	116676.0
1734	115827.0	116882.0
1735	115472.0	116720.0
1736	116204.0	117309.0
1737	115219.0	117048.0
1738	116465.0	117604.0
1739	115915.0	116580.0
1740	116199.0	116285.0
1741	116418.0	116890.0
1742	116294.0	117544.0
1743	115276.0	116190.0
1744	115605.0	116496.0
1745	116231.0	116536.0
1746	116956.0	117463.0
1747	116148.0	117428.0
1748	116043.0	117321.0
1749	116194.0	117548.0
1750	116067.0	117342.0
1751	115878.0	117202.0
1752	115768.0	117560.0
1753	115980.0	116669.0
1754	115918.0	117483.0
1755	115563.0	117088.0
1756	116036.0	117239.0
1757	116312.0	116464.0
1758	116297.0	116735.0
1759	115851.0	117314.0
1760	115691.0	117057.0
1761	115496.0	117173.0
1762	116081.0	117563.0
1763	115985.0	117271.0
1764	115843.0	116872.0
1765	115728.0	117322.0
1766	115624.0	117626.0
1767	116074.0	116744.0
1768	116497.0	116789.0
1769	115878.0	117127.0
1770	115959.0	116860.0
1771	116399.0	117213.0
1772	115866.0	117008.0
1773	116091.0	117163.0
1774	115570.0	116873.0
1775	116255.0	117227.0
1776	115886.0	116496.0
1777	116047.0	116474.0
1778	115773.0	116928.0
1779	116388.0	117103.0
1780	115807.0	116796.0
1781	115729.0	116765.0
1782	115996.0	116509.0
1783	116003.0	117033.0
1784	115659.0	116850.0
1785	116163.0	117223.0
1786	116264.0	117895.0
1787	115759.0	116065.0
1788	115961.0	116706.0
1789	115730.0	116795.0
1790	115696.0	115966.0
1791	115334.0	116917.0
1792	115282.0	116816.0
1793	114768.0	116649.0
1794	115453.0	116991.0
1795	115912.0	116424.0
1796	115880.0	117061.0
1797	115686.0	116729.0
1798	115585.0	116646.0
1799	115565.0	116465.0
1800	116369.0	116972.0
1801	115658.0	116784.0
1802	116040.0	116610.0
1803	115825.0	116115.0
1804	116105.0	116958.0
1805	115560.0	116883.0
1806	116054.0	116797.0
1807	115427.0	116683.0
1808	115973.0	116733.0
1809	115425.0	116958.0
1810	115449.0	116180.0
1811	115816.0	116706.0
1812	115977.0	116688.0
1813	115036.0	116349.0
1814	116094.0	116671.0
1815	116085.0	116170.0
1816	115362.0	116823.0
1817	115555.0	116714.0
1818	115401.0	116852.0
1819	115828.0	116584.0
1820	116230.0	116523.0
1821	115869.0	116762.0
1822	115906.0	116595.0
1823	115440.0	116479.0
1824	115220.0	116302.0
1825	115498.0	116967.0
1826	115208.0	116682.0
1827	115534.0	116365.0
1828	115564.0	116360.0
1829	115479.0	116337.0
1830	115555.0	116976.0
1831	114813.0	116791.0
1832	115192.0	116324.0
1833	114705.0	116178.0
1834	115125.0	116877.0
1835	115530.0	116260.0
1836	115481.0	116653.0
1837	116386.0	115901.0
1838	114993.0	116465.0
1839	115891.0	116280.0
1840	115967.0	116363.0
1841	115054.0	116297.0
1842	115544.0	116080.0
1843	115819.0	116722.0
1844	115475.0	116327.0
1845	115577.0	116408.0
1846	115458.0	116187.0
1847	115614.0	116167.0
1848	115399.0	116355.0
1849	114891.0	115760.0
1850	115093.0	116590.0
1851	115300.0	116495.0
1852	115474.0	116328.0
1853	115280.0	116287.0
1854	115755.0	116115.0
1855	115455.0	116744.0
1856	115321.0	116253.0
1857	115171.0	116465.0
1858	115021.0	116035.0
1859	115777.0	116248.0
1860	115220.0	116495.0
1861	115664.0	116157.0
1862	115756.0	116018.0
1863	114722.0	116491.0
1864	115929.0	115974.0
1865	115132.0	115902.0
1866	116256.0	116308.0
1867	115260.0	116316.0
1868	114692.0	116723.0
1869	115005.0	115805.0
1870	115002.0	116639.0
1871	115317.0	115441.0
1872	114612.0	116254.0
1873	115246.0	116149.0
1874	114843.0	116337.0
1875	114868.0	116300.0
1876	115738.0	116626.0
1877	115512.0	116413.0
1878	115499.0	116593.0
1879	114906.0	116051.0
1880	115468.0	116626.0
1881	114184.0	115884.0
1882	115302.0	115935.0
1883	115153.0	116483.0
1884	115347.0	116182.0
1885	115145.0	116077.0
1886	115363.0	116542.0
1887	115678.0	116178.0
1888	115176.0	115100.0
1889	115701.0	115857.0
1890	115502.0	116339.0
1891	115322.0	116035.0
1892	114725.0	115633.0
1893	115103.0	115208.0
1894	115348.0	115954.0
1895	114822.0	115863.0
1896	115224.0	115465.0
1897	114877.0	116018.0
1898	114422.0	116274.0
1899	115075.0	116422.0
1900	114520.0	116198.0
1901	115432.0	115623.0
1902	115001.0	116025.0
1903	115689.0	115788.0
1904	115112.0	115751.0
1905	115608.0	116463.0
1906	114997.0	115882.0
1907	114540.0	115867.0
1908	114744.0	115394.0
1909	115626.0	116096.0
1910	115383.0	116057.0
1911	115521.0	116273.0
1912	114432.0	116362.0
1913	114625.0	116824.0
1914	115081.0	115435.0
1915	115289.0	116207.0
1916	114796.0	116108.0
1917	115134.0	115709.0
1918	114531.0	115899.0
1919	114192.0	115914.0
1920	114854.0	115741.0
1921	114979.0	115715.0
1922	115571.0	115820.0
1923	114705.0	115482.0
1924	114513.0	115449.0
1925	115167.0	116084.0
1926	115508.0	115346.0
1927	115435.0	115798.0
1928	115219.0	115744.0
1929	115693.0	115784.0
1930	115632.0	115589.0
1931	114863.0	115793.0
1932	114873.0	115758.0
1933	114564.0	116346.0
1934	115394.0	115650.0
1935	114998.0	115905.0
1936	115096.0	115954.0
1937	115378.0	115527.0
1938	114684.0	115732.0
1939	114850.0	115316.0
1940	114440.0	116125.0
1941	114879.0	116018.0
1942	114965.0	116464.0
1943	114975.0	115986.0
1944	114767.0	115305.0
1945	114898.0	115900.0
1946	114962.0	115990.0
1947	115026.0	115745.0
1948	114864.0	116262.0
1949	115478.0	115564.0
1950	114354.0	115564.0
1951	114651.0	115484.0
1952	114927.0	115369.0
1953	114528.0	115722.0
1954	114948.0	116175.0
1955	114962.0	115288.0
1956	114350.0	115455.0
1957	114958.0	115552.0
1958	114728.0	115337.0
1959	114818.0	115602.0
1960	114301.0	115646.0
1961	114732.0	115978.0
1962	115153.0	115777.0
1963	114882.0	115682.0
1964	114421.0	115149.0
1965	115024.0	115389.0
1966	114802.0	115811.0
1967	114277.0	115199.0
1968	114737.0	115246.0
1969	115167.0	116178.0
1970	114377.0	115575.0
1971	115168.0	115819.0
1972	114953.0	114909.0
1973	114818.0	115937.0
1974	114893.0	116263.0
1975	115057.0	114933.0
1976	115067.0	115594.0
1977	114851.0	115065.0
1978	114341.0	116028.0
1979	115006.0	115615.0
1980	114657.0	115678.0
1981	114344.0	114843.0
1982	114758.0	115618.0
1983	115314.0	115600.0
1984	114469.0	115771.0
1985	114639.0	114956.0
1986	114496.0	115328.0
1987	114442.0	115622.0
1988	114575.0	115558.0
1989	115362.0	116121.0
1990	115028.0	116023.0
1991	114696.0	115322.0
1992	114779.0	116135.0
1993	114879.0	115420.0
1994	114737.0	115424.0
1995	114611.0	115214.0
1996	114807.0	114658.0
1997	114900.0	115096.0
1998	114601.0	115476.0
1999	114549.0	115330.0
