Distance in bp(Fragment Length Estimate: 214)(Peak Width Estimate: 214)	Same Strand (+ for Watson strand, - for Crick)	Opposite Strand
-2000	75392.0	75020.0
-1999	75031.0	74019.0
-1998	75553.0	74269.0
-1997	75235.0	74550.0
-1996	75184.0	75003.0
-1995	75091.0	74167.0
-1994	74981.0	74020.0
-1993	74607.0	74840.0
-1992	75168.0	74629.0
-1991	74867.0	74751.0
-1990	75165.0	74582.0
-1989	75065.0	74453.0
-1988	74847.0	74997.0
-1987	75017.0	75046.0
-1986	75380.0	74607.0
-1985	74512.0	74561.0
-1984	75414.0	74576.0
-1983	75038.0	74940.0
-1982	74756.0	75052.0
-1981	75598.0	74359.0
-1980	75382.0	74825.0
-1979	74695.0	74437.0
-1978	75537.0	74508.0
-1977	75260.0	74363.0
-1976	75058.0	74921.0
-1975	75455.0	74551.0
-1974	75136.0	74492.0
-1973	75330.0	74250.0
-1972	74971.0	75130.0
-1971	74819.0	74785.0
-1970	75123.0	74384.0
-1969	75109.0	74641.0
-1968	74803.0	74536.0
-1967	75016.0	73992.0
-1966	74967.0	74344.0
-1965	74740.0	74447.0
-1964	75302.0	74644.0
-1963	75565.0	74756.0
-1962	75099.0	74539.0
-1961	75303.0	74058.0
-1960	75188.0	74929.0
-1959	75116.0	74622.0
-1958	75187.0	74745.0
-1957	75369.0	74613.0
-1956	75272.0	75232.0
-1955	75192.0	74466.0
-1954	74915.0	75246.0
-1953	75399.0	74671.0
-1952	75036.0	75004.0
-1951	75159.0	74397.0
-1950	75065.0	74408.0
-1949	74439.0	74782.0
-1948	75160.0	74404.0
-1947	74961.0	74589.0
-1946	75222.0	75128.0
-1945	75277.0	74489.0
-1944	75378.0	74748.0
-1943	75223.0	74710.0
-1942	74988.0	75359.0
-1941	75184.0	74750.0
-1940	74892.0	75034.0
-1939	74908.0	74563.0
-1938	75050.0	74199.0
-1937	75677.0	74629.0
-1936	75089.0	74418.0
-1935	75287.0	74934.0
-1934	75445.0	74922.0
-1933	75312.0	74885.0
-1932	74917.0	74613.0
-1931	75189.0	74940.0
-1930	75541.0	74984.0
-1929	74585.0	74825.0
-1928	75226.0	74594.0
-1927	75077.0	75058.0
-1926	74873.0	74497.0
-1925	74860.0	74777.0
-1924	75349.0	74741.0
-1923	75353.0	74765.0
-1922	75108.0	75059.0
-1921	75305.0	74591.0
-1920	75115.0	74729.0
-1919	75105.0	74781.0
-1918	75038.0	75095.0
-1917	75356.0	74814.0
-1916	75288.0	75045.0
-1915	75171.0	74585.0
-1914	75054.0	74521.0
-1913	74875.0	74813.0
-1912	75166.0	74529.0
-1911	75646.0	74615.0
-1910	75265.0	74983.0
-1909	75542.0	74687.0
-1908	75099.0	74691.0
-1907	75356.0	74959.0
-1906	75456.0	74358.0
-1905	75511.0	74739.0
-1904	75226.0	74621.0
-1903	75559.0	74778.0
-1902	75243.0	74472.0
-1901	75185.0	74953.0
-1900	75104.0	74942.0
-1899	74902.0	74702.0
-1898	75925.0	74790.0
-1897	75320.0	74747.0
-1896	74994.0	74666.0
-1895	75352.0	74987.0
-1894	75297.0	74685.0
-1893	75411.0	74431.0
-1892	75303.0	75265.0
-1891	75366.0	74781.0
-1890	75450.0	75083.0
-1889	75310.0	74260.0
-1888	75270.0	75337.0
-1887	75219.0	74549.0
-1886	75808.0	74846.0
-1885	75355.0	74825.0
-1884	75039.0	75277.0
-1883	75162.0	74705.0
-1882	75323.0	74818.0
-1881	75242.0	75126.0
-1880	75472.0	74915.0
-1879	75575.0	74598.0
-1878	75119.0	75173.0
-1877	75057.0	74607.0
-1876	75401.0	74679.0
-1875	75315.0	74551.0
-1874	75467.0	74978.0
-1873	75094.0	75194.0
-1872	75565.0	75361.0
-1871	75816.0	75038.0
-1870	74951.0	75094.0
-1869	75226.0	75076.0
-1868	75557.0	74913.0
-1867	75192.0	75208.0
-1866	75814.0	75464.0
-1865	75577.0	74683.0
-1864	75357.0	75365.0
-1863	75217.0	75509.0
-1862	75418.0	75041.0
-1861	75059.0	74645.0
-1860	75646.0	75162.0
-1859	75690.0	74713.0
-1858	75131.0	75279.0
-1857	75707.0	75693.0
-1856	75690.0	75232.0
-1855	75232.0	75779.0
-1854	75759.0	74831.0
-1853	75175.0	75335.0
-1852	75412.0	74863.0
-1851	75141.0	75025.0
-1850	75056.0	75340.0
-1849	74937.0	74654.0
-1848	75406.0	75100.0
-1847	75269.0	74718.0
-1846	75326.0	75281.0
-1845	75521.0	74962.0
-1844	75059.0	75143.0
-1843	75490.0	74813.0
-1842	75327.0	75044.0
-1841	75166.0	75159.0
-1840	75689.0	75416.0
-1839	75292.0	74927.0
-1838	75868.0	75265.0
-1837	75479.0	75205.0
-1836	75423.0	75119.0
-1835	75907.0	75444.0
-1834	75677.0	75210.0
-1833	75906.0	74808.0
-1832	75108.0	75179.0
-1831	75611.0	75558.0
-1830	75308.0	74785.0
-1829	75688.0	75276.0
-1828	75617.0	75546.0
-1827	75641.0	75035.0
-1826	75675.0	74651.0
-1825	75084.0	75208.0
-1824	75466.0	75032.0
-1823	76096.0	75221.0
-1822	75643.0	75680.0
-1821	75786.0	75398.0
-1820	75626.0	75199.0
-1819	75780.0	75235.0
-1818	76018.0	75406.0
-1817	75883.0	75397.0
-1816	74813.0	74808.0
-1815	75305.0	74885.0
-1814	75665.0	75617.0
-1813	75959.0	75152.0
-1812	75275.0	75136.0
-1811	75438.0	75210.0
-1810	75537.0	75083.0
-1809	75683.0	74986.0
-1808	75540.0	75176.0
-1807	75692.0	75024.0
-1806	75552.0	75036.0
-1805	75911.0	74986.0
-1804	75749.0	74967.0
-1803	75847.0	75442.0
-1802	75495.0	75231.0
-1801	75779.0	74854.0
-1800	75934.0	74904.0
-1799	75453.0	75216.0
-1798	75734.0	75327.0
-1797	75485.0	75256.0
-1796	75598.0	75002.0
-1795	75835.0	75515.0
-1794	75793.0	75157.0
-1793	75444.0	74755.0
-1792	75398.0	75105.0
-1791	75278.0	75372.0
-1790	75952.0	75741.0
-1789	75357.0	75141.0
-1788	76108.0	74902.0
-1787	75933.0	75243.0
-1786	75563.0	75097.0
-1785	76363.0	74948.0
-1784	75754.0	75276.0
-1783	75457.0	75631.0
-1782	75951.0	75322.0
-1781	76001.0	75453.0
-1780	75797.0	75140.0
-1779	75977.0	74730.0
-1778	75912.0	75411.0
-1777	75819.0	75324.0
-1776	75420.0	75350.0
-1775	76029.0	75482.0
-1774	75538.0	75130.0
-1773	75327.0	75386.0
-1772	76220.0	75508.0
-1771	76148.0	75157.0
-1770	75510.0	75213.0
-1769	76169.0	75803.0
-1768	75576.0	75219.0
-1767	76079.0	75257.0
-1766	75965.0	75689.0
-1765	75955.0	75597.0
-1764	75817.0	75241.0
-1763	76020.0	75520.0
-1762	75804.0	76028.0
-1761	75553.0	75800.0
-1760	75729.0	75024.0
-1759	75989.0	75427.0
-1758	76062.0	75258.0
-1757	75696.0	75362.0
-1756	75839.0	75234.0
-1755	75802.0	75594.0
-1754	75649.0	75146.0
-1753	75579.0	75210.0
-1752	75591.0	75911.0
-1751	75567.0	75389.0
-1750	76066.0	75414.0
-1749	75727.0	75813.0
-1748	75943.0	75392.0
-1747	75646.0	75160.0
-1746	75705.0	75298.0
-1745	75617.0	75662.0
-1744	75791.0	75660.0
-1743	75979.0	75350.0
-1742	75697.0	75792.0
-1741	75628.0	75374.0
-1740	75796.0	75185.0
-1739	76071.0	75685.0
-1738	75905.0	75483.0
-1737	75736.0	75957.0
-1736	75896.0	75329.0
-1735	76091.0	75976.0
-1734	75731.0	75335.0
-1733	76345.0	75057.0
-1732	76556.0	75604.0
-1731	75652.0	75102.0
-1730	75881.0	75947.0
-1729	76034.0	75935.0
-1728	76315.0	76094.0
-1727	75994.0	75605.0
-1726	75584.0	75492.0
-1725	75945.0	75645.0
-1724	76111.0	75348.0
-1723	75719.0	75441.0
-1722	76203.0	75588.0
-1721	76109.0	75909.0
-1720	75616.0	75587.0
-1719	75989.0	75589.0
-1718	76164.0	75309.0
-1717	75665.0	75328.0
-1716	76229.0	75570.0
-1715	75694.0	75676.0
-1714	75841.0	75712.0
-1713	75792.0	76016.0
-1712	75797.0	75893.0
-1711	76005.0	76079.0
-1710	75721.0	75298.0
-1709	75973.0	75750.0
-1708	75533.0	75322.0
-1707	76001.0	75741.0
-1706	75917.0	76042.0
-1705	76023.0	75502.0
-1704	75811.0	75488.0
-1703	75863.0	75199.0
-1702	76705.0	75253.0
-1701	75871.0	75517.0
-1700	76207.0	75568.0
-1699	76252.0	75406.0
-1698	75802.0	75729.0
-1697	75898.0	75579.0
-1696	76028.0	75442.0
-1695	75714.0	75390.0
-1694	75124.0	75509.0
-1693	75726.0	75404.0
-1692	76166.0	75629.0
-1691	75798.0	75956.0
-1690	75909.0	75366.0
-1689	75929.0	75190.0
-1688	75843.0	75687.0
-1687	75800.0	75729.0
-1686	75931.0	75648.0
-1685	76045.0	74957.0
-1684	75617.0	75419.0
-1683	76204.0	75087.0
-1682	76478.0	75655.0
-1681	76396.0	75892.0
-1680	75763.0	75837.0
-1679	76263.0	75882.0
-1678	75824.0	75734.0
-1677	76155.0	75330.0
-1676	76278.0	75854.0
-1675	76294.0	75591.0
-1674	76184.0	75264.0
-1673	75950.0	76029.0
-1672	76047.0	75815.0
-1671	75950.0	75903.0
-1670	76433.0	75432.0
-1669	76222.0	75469.0
-1668	75903.0	75801.0
-1667	76378.0	75075.0
-1666	75841.0	75489.0
-1665	76339.0	75368.0
-1664	75634.0	75677.0
-1663	76036.0	75265.0
-1662	76610.0	75232.0
-1661	76454.0	75739.0
-1660	76363.0	75977.0
-1659	76083.0	75874.0
-1658	76637.0	75670.0
-1657	76015.0	76284.0
-1656	75910.0	75736.0
-1655	76463.0	75482.0
-1654	76442.0	75895.0
-1653	76274.0	75499.0
-1652	76433.0	75526.0
-1651	75409.0	75638.0
-1650	76393.0	76172.0
-1649	75986.0	75835.0
-1648	76515.0	75517.0
-1647	76043.0	75523.0
-1646	76056.0	76036.0
-1645	76418.0	75446.0
-1644	76209.0	75681.0
-1643	76301.0	75305.0
-1642	76128.0	75768.0
-1641	76459.0	75975.0
-1640	77159.0	75584.0
-1639	76050.0	75888.0
-1638	75991.0	75388.0
-1637	75867.0	75766.0
-1636	76392.0	75993.0
-1635	76458.0	76239.0
-1634	76874.0	75213.0
-1633	76434.0	75426.0
-1632	76312.0	75790.0
-1631	76084.0	75446.0
-1630	76416.0	76371.0
-1629	75766.0	75990.0
-1628	76275.0	75778.0
-1627	76318.0	75956.0
-1626	76021.0	76036.0
-1625	76736.0	75318.0
-1624	76798.0	75409.0
-1623	76259.0	75342.0
-1622	76092.0	75769.0
-1621	76465.0	75254.0
-1620	76438.0	75882.0
-1619	76773.0	75684.0
-1618	76102.0	75937.0
-1617	76574.0	75366.0
-1616	76867.0	75916.0
-1615	76164.0	75572.0
-1614	76888.0	76196.0
-1613	76456.0	75830.0
-1612	76472.0	75756.0
-1611	76304.0	75931.0
-1610	76012.0	75720.0
-1609	76706.0	76020.0
-1608	75779.0	76140.0
-1607	76585.0	75764.0
-1606	76537.0	75740.0
-1605	75806.0	75785.0
-1604	76648.0	76047.0
-1603	76692.0	75709.0
-1602	76710.0	75790.0
-1601	76390.0	76270.0
-1600	76603.0	75488.0
-1599	76430.0	75936.0
-1598	76445.0	75720.0
-1597	76400.0	76116.0
-1596	76130.0	75998.0
-1595	76753.0	76109.0
-1594	76300.0	75781.0
-1593	76956.0	76328.0
-1592	76627.0	76134.0
-1591	76824.0	76038.0
-1590	77026.0	76222.0
-1589	76253.0	76081.0
-1588	77032.0	75280.0
-1587	76730.0	75871.0
-1586	76450.0	75889.0
-1585	76874.0	75596.0
-1584	76217.0	76542.0
-1583	77006.0	75827.0
-1582	76154.0	76265.0
-1581	76255.0	76571.0
-1580	76412.0	75847.0
-1579	77223.0	75381.0
-1578	76744.0	75525.0
-1577	76764.0	75929.0
-1576	76329.0	75904.0
-1575	76794.0	75943.0
-1574	76441.0	75806.0
-1573	77160.0	75955.0
-1572	77033.0	76238.0
-1571	76814.0	76249.0
-1570	76955.0	76130.0
-1569	76573.0	76166.0
-1568	76563.0	76185.0
-1567	76812.0	75724.0
-1566	76656.0	76046.0
-1565	76651.0	76011.0
-1564	77067.0	76287.0
-1563	76723.0	75895.0
-1562	77206.0	75871.0
-1561	77116.0	75329.0
-1560	77064.0	75902.0
-1559	76699.0	76122.0
-1558	76754.0	76361.0
-1557	76971.0	75618.0
-1556	76997.0	76163.0
-1555	77124.0	76232.0
-1554	76733.0	75682.0
-1553	76724.0	76075.0
-1552	76848.0	76192.0
-1551	77121.0	76181.0
-1550	77083.0	75864.0
-1549	76685.0	76409.0
-1548	76943.0	76188.0
-1547	76314.0	76782.0
-1546	76765.0	76033.0
-1545	77037.0	76223.0
-1544	76733.0	76305.0
-1543	76904.0	76172.0
-1542	76788.0	75932.0
-1541	76973.0	75621.0
-1540	76977.0	76470.0
-1539	76950.0	76355.0
-1538	76919.0	76437.0
-1537	76717.0	76337.0
-1536	76910.0	76548.0
-1535	76954.0	76141.0
-1534	76631.0	75870.0
-1533	76562.0	76383.0
-1532	76799.0	76410.0
-1531	76928.0	76415.0
-1530	76862.0	76269.0
-1529	76693.0	76046.0
-1528	76978.0	76103.0
-1527	77266.0	75798.0
-1526	76813.0	75995.0
-1525	76853.0	76268.0
-1524	76579.0	76458.0
-1523	77508.0	76569.0
-1522	76768.0	76043.0
-1521	77465.0	76456.0
-1520	76786.0	76594.0
-1519	76648.0	75965.0
-1518	76816.0	75961.0
-1517	76785.0	76414.0
-1516	77079.0	75997.0
-1515	76744.0	76308.0
-1514	76995.0	76090.0
-1513	77543.0	76256.0
-1512	76912.0	76211.0
-1511	77105.0	76119.0
-1510	76391.0	76385.0
-1509	77014.0	76559.0
-1508	76868.0	76457.0
-1507	77110.0	76229.0
-1506	77106.0	76209.0
-1505	76982.0	76275.0
-1504	77274.0	76196.0
-1503	77145.0	76480.0
-1502	77143.0	76157.0
-1501	77306.0	76812.0
-1500	76981.0	76768.0
-1499	76721.0	76317.0
-1498	76467.0	76435.0
-1497	77291.0	76051.0
-1496	77032.0	75796.0
-1495	77196.0	76056.0
-1494	77127.0	76367.0
-1493	77107.0	76213.0
-1492	77152.0	75989.0
-1491	77425.0	76016.0
-1490	77142.0	76117.0
-1489	77090.0	76315.0
-1488	77143.0	75985.0
-1487	76808.0	77018.0
-1486	77775.0	76445.0
-1485	77312.0	76465.0
-1484	77038.0	76533.0
-1483	77415.0	76012.0
-1482	77013.0	76152.0
-1481	77101.0	75955.0
-1480	77376.0	76245.0
-1479	76831.0	76565.0
-1478	76972.0	76199.0
-1477	77254.0	76254.0
-1476	77128.0	76170.0
-1475	77606.0	76549.0
-1474	77179.0	76836.0
-1473	76818.0	75825.0
-1472	77101.0	76299.0
-1471	77455.0	75811.0
-1470	77436.0	76617.0
-1469	77166.0	76667.0
-1468	77253.0	76662.0
-1467	77549.0	76870.0
-1466	77109.0	76289.0
-1465	77324.0	76120.0
-1464	77446.0	76565.0
-1463	77190.0	76419.0
-1462	77648.0	76218.0
-1461	77452.0	76556.0
-1460	77263.0	76914.0
-1459	77451.0	76625.0
-1458	77008.0	76460.0
-1457	77443.0	75921.0
-1456	77286.0	76419.0
-1455	77227.0	77018.0
-1454	77030.0	76678.0
-1453	77394.0	76964.0
-1452	77295.0	76452.0
-1451	77026.0	76755.0
-1450	77408.0	76777.0
-1449	77222.0	76484.0
-1448	76812.0	76748.0
-1447	77375.0	76993.0
-1446	77222.0	76776.0
-1445	77342.0	76537.0
-1444	77030.0	76594.0
-1443	77001.0	76182.0
-1442	77138.0	76975.0
-1441	77247.0	76724.0
-1440	77726.0	76860.0
-1439	77472.0	77057.0
-1438	77277.0	76906.0
-1437	76898.0	76904.0
-1436	77265.0	76741.0
-1435	77094.0	76841.0
-1434	77518.0	77044.0
-1433	76880.0	76937.0
-1432	77322.0	77006.0
-1431	77215.0	76601.0
-1430	77344.0	76776.0
-1429	77534.0	76850.0
-1428	77295.0	76850.0
-1427	77131.0	76562.0
-1426	77458.0	76817.0
-1425	77481.0	76623.0
-1424	77126.0	76942.0
-1423	77331.0	76924.0
-1422	76955.0	76530.0
-1421	76985.0	76814.0
-1420	77570.0	76450.0
-1419	77031.0	77666.0
-1418	77662.0	76987.0
-1417	77518.0	77173.0
-1416	77550.0	76664.0
-1415	77305.0	76666.0
-1414	77236.0	77279.0
-1413	78191.0	76413.0
-1412	76963.0	76678.0
-1411	77409.0	77008.0
-1410	76857.0	77228.0
-1409	77025.0	76723.0
-1408	77288.0	77104.0
-1407	77294.0	76305.0
-1406	77893.0	76877.0
-1405	77192.0	77252.0
-1404	77308.0	76702.0
-1403	77999.0	76256.0
-1402	77733.0	76850.0
-1401	77532.0	77049.0
-1400	77849.0	76930.0
-1399	77112.0	77217.0
-1398	78342.0	77358.0
-1397	77170.0	76725.0
-1396	77957.0	76587.0
-1395	77383.0	76687.0
-1394	77587.0	76552.0
-1393	77548.0	77006.0
-1392	77434.0	76738.0
-1391	77373.0	76785.0
-1390	77718.0	76603.0
-1389	77273.0	76922.0
-1388	77322.0	76783.0
-1387	77590.0	76801.0
-1386	77892.0	76704.0
-1385	77857.0	76561.0
-1384	78001.0	76745.0
-1383	77339.0	77019.0
-1382	77435.0	76862.0
-1381	77838.0	77055.0
-1380	77146.0	76849.0
-1379	77577.0	76868.0
-1378	77409.0	76458.0
-1377	77741.0	77169.0
-1376	77570.0	76632.0
-1375	77454.0	77142.0
-1374	77567.0	76790.0
-1373	77532.0	76926.0
-1372	78323.0	76862.0
-1371	77607.0	77112.0
-1370	77564.0	77035.0
-1369	77394.0	77290.0
-1368	77965.0	77408.0
-1367	78164.0	76878.0
-1366	77115.0	76748.0
-1365	78756.0	77305.0
-1364	78107.0	76752.0
-1363	77586.0	76904.0
-1362	77334.0	77315.0
-1361	77751.0	76403.0
-1360	77527.0	76885.0
-1359	77862.0	77434.0
-1358	77766.0	77196.0
-1357	78120.0	77203.0
-1356	77421.0	77621.0
-1355	77746.0	77307.0
-1354	77725.0	77372.0
-1353	78224.0	76651.0
-1352	77653.0	77060.0
-1351	77401.0	76920.0
-1350	77623.0	77366.0
-1349	78031.0	76973.0
-1348	77710.0	77083.0
-1347	77527.0	77151.0
-1346	77578.0	77070.0
-1345	77601.0	77496.0
-1344	77617.0	77486.0
-1343	77913.0	77203.0
-1342	77603.0	77423.0
-1341	77586.0	77571.0
-1340	77125.0	77192.0
-1339	78040.0	77191.0
-1338	78080.0	76759.0
-1337	77985.0	77264.0
-1336	77835.0	77369.0
-1335	77600.0	77438.0
-1334	77693.0	76900.0
-1333	77583.0	77146.0
-1332	77677.0	77264.0
-1331	77878.0	77272.0
-1330	77738.0	77624.0
-1329	78236.0	77225.0
-1328	78085.0	77568.0
-1327	77904.0	77315.0
-1326	77703.0	77540.0
-1325	77798.0	77109.0
-1324	77594.0	77261.0
-1323	78330.0	77127.0
-1322	78087.0	76890.0
-1321	78049.0	77134.0
-1320	77977.0	77491.0
-1319	77816.0	77018.0
-1318	77949.0	77003.0
-1317	78239.0	76883.0
-1316	77785.0	77572.0
-1315	78081.0	76948.0
-1314	77967.0	77202.0
-1313	78196.0	77357.0
-1312	77855.0	77686.0
-1311	77780.0	77408.0
-1310	77709.0	77445.0
-1309	78127.0	77379.0
-1308	78072.0	77520.0
-1307	78033.0	77589.0
-1306	77934.0	77244.0
-1305	77823.0	77682.0
-1304	78086.0	77017.0
-1303	77873.0	77652.0
-1302	78031.0	77190.0
-1301	78545.0	77333.0
-1300	77779.0	77786.0
-1299	78037.0	77251.0
-1298	78421.0	77503.0
-1297	77992.0	77819.0
-1296	78552.0	77566.0
-1295	78407.0	77731.0
-1294	78266.0	77205.0
-1293	78148.0	77438.0
-1292	78389.0	77399.0
-1291	78138.0	77528.0
-1290	77741.0	77482.0
-1289	78624.0	77354.0
-1288	78250.0	77213.0
-1287	78017.0	77246.0
-1286	78469.0	77458.0
-1285	78613.0	77577.0
-1284	78365.0	77829.0
-1283	78264.0	77175.0
-1282	78262.0	77191.0
-1281	78580.0	77925.0
-1280	78293.0	77266.0
-1279	78206.0	77238.0
-1278	78710.0	77424.0
-1277	78176.0	77231.0
-1276	78165.0	77251.0
-1275	78185.0	77864.0
-1274	78102.0	77506.0
-1273	77949.0	77003.0
-1272	78450.0	77829.0
-1271	77803.0	78009.0
-1270	78175.0	77022.0
-1269	78548.0	77931.0
-1268	78103.0	77284.0
-1267	78455.0	77850.0
-1266	78677.0	77808.0
-1265	78204.0	77101.0
-1264	78024.0	77359.0
-1263	78670.0	77429.0
-1262	78183.0	77664.0
-1261	78410.0	77858.0
-1260	78644.0	78006.0
-1259	78608.0	77728.0
-1258	78212.0	77881.0
-1257	78799.0	77744.0
-1256	78608.0	77850.0
-1255	78398.0	77698.0
-1254	78442.0	77695.0
-1253	78604.0	77619.0
-1252	78396.0	77564.0
-1251	78545.0	77505.0
-1250	78601.0	78140.0
-1249	78818.0	77555.0
-1248	78634.0	77578.0
-1247	78690.0	77333.0
-1246	78265.0	78100.0
-1245	78233.0	77966.0
-1244	78565.0	77882.0
-1243	78421.0	77394.0
-1242	78378.0	77834.0
-1241	78798.0	77369.0
-1240	78389.0	77464.0
-1239	78475.0	77732.0
-1238	78665.0	77728.0
-1237	79057.0	77757.0
-1236	78217.0	77373.0
-1235	78749.0	78033.0
-1234	78536.0	77959.0
-1233	78563.0	77646.0
-1232	78406.0	77920.0
-1231	78269.0	78088.0
-1230	78260.0	77845.0
-1229	78195.0	78054.0
-1228	78606.0	77827.0
-1227	78774.0	77586.0
-1226	77836.0	77676.0
-1225	78419.0	77941.0
-1224	78498.0	77298.0
-1223	78826.0	78154.0
-1222	78508.0	77567.0
-1221	78304.0	77880.0
-1220	78738.0	77441.0
-1219	78666.0	78018.0
-1218	78573.0	77657.0
-1217	78768.0	77774.0
-1216	78581.0	77635.0
-1215	78400.0	77465.0
-1214	79066.0	77646.0
-1213	78694.0	77848.0
-1212	78799.0	78189.0
-1211	78437.0	78259.0
-1210	78882.0	77950.0
-1209	78543.0	77484.0
-1208	78365.0	77639.0
-1207	78471.0	77794.0
-1206	78711.0	77938.0
-1205	78990.0	77527.0
-1204	79016.0	77914.0
-1203	79156.0	77070.0
-1202	79047.0	77850.0
-1201	79098.0	77905.0
-1200	78992.0	78138.0
-1199	78588.0	77709.0
-1198	78765.0	78143.0
-1197	78505.0	77990.0
-1196	78521.0	78222.0
-1195	78783.0	78266.0
-1194	79042.0	77773.0
-1193	78942.0	77493.0
-1192	78900.0	77687.0
-1191	78748.0	77955.0
-1190	78575.0	78273.0
-1189	78691.0	78180.0
-1188	78351.0	77351.0
-1187	79058.0	77933.0
-1186	79002.0	77555.0
-1185	79411.0	78067.0
-1184	78661.0	78254.0
-1183	79077.0	77505.0
-1182	79018.0	77615.0
-1181	79041.0	77819.0
-1180	78865.0	78334.0
-1179	79177.0	77553.0
-1178	79025.0	77900.0
-1177	78539.0	77755.0
-1176	79205.0	78147.0
-1175	79384.0	77927.0
-1174	78857.0	78228.0
-1173	78770.0	77807.0
-1172	79121.0	78469.0
-1171	79511.0	77516.0
-1170	79295.0	78553.0
-1169	79130.0	77881.0
-1168	78926.0	78262.0
-1167	78967.0	78005.0
-1166	78944.0	77927.0
-1165	79311.0	78244.0
-1164	79034.0	77891.0
-1163	78980.0	78113.0
-1162	79155.0	77953.0
-1161	79124.0	77801.0
-1160	79608.0	77785.0
-1159	79197.0	78150.0
-1158	79127.0	78472.0
-1157	79214.0	78332.0
-1156	79042.0	77489.0
-1155	79341.0	78171.0
-1154	79001.0	78017.0
-1153	79165.0	77857.0
-1152	79729.0	78475.0
-1151	79384.0	78384.0
-1150	79353.0	78332.0
-1149	78875.0	77979.0
-1148	79313.0	78537.0
-1147	79005.0	77587.0
-1146	79555.0	78302.0
-1145	79401.0	77947.0
-1144	79140.0	78196.0
-1143	79404.0	78619.0
-1142	79544.0	78261.0
-1141	79249.0	78214.0
-1140	79616.0	78376.0
-1139	79195.0	77938.0
-1138	79433.0	78132.0
-1137	79091.0	77894.0
-1136	79355.0	78715.0
-1135	79387.0	78500.0
-1134	79592.0	78273.0
-1133	79414.0	78212.0
-1132	79595.0	78653.0
-1131	79114.0	78614.0
-1130	79441.0	78841.0
-1129	79701.0	78148.0
-1128	79204.0	78578.0
-1127	79744.0	78139.0
-1126	79419.0	78575.0
-1125	80020.0	78156.0
-1124	79213.0	78487.0
-1123	79633.0	78592.0
-1122	78821.0	77870.0
-1121	79506.0	78379.0
-1120	79214.0	78129.0
-1119	79514.0	78458.0
-1118	79699.0	77810.0
-1117	79301.0	78722.0
-1116	79297.0	78842.0
-1115	79285.0	78349.0
-1114	79054.0	78489.0
-1113	79510.0	78663.0
-1112	79680.0	78459.0
-1111	79417.0	78534.0
-1110	79523.0	78647.0
-1109	79718.0	78036.0
-1108	79674.0	78588.0
-1107	79496.0	78499.0
-1106	79975.0	78386.0
-1105	79782.0	78382.0
-1104	79325.0	79135.0
-1103	79753.0	78676.0
-1102	79690.0	78375.0
-1101	79806.0	78579.0
-1100	79857.0	78962.0
-1099	79742.0	78519.0
-1098	79044.0	78859.0
-1097	79689.0	78776.0
-1096	79716.0	78191.0
-1095	79454.0	78765.0
-1094	79928.0	78759.0
-1093	79613.0	78231.0
-1092	79405.0	78769.0
-1091	80085.0	77809.0
-1090	79288.0	78039.0
-1089	79569.0	78857.0
-1088	79440.0	78742.0
-1087	79830.0	78461.0
-1086	79779.0	78782.0
-1085	79951.0	78483.0
-1084	79928.0	78567.0
-1083	79784.0	78508.0
-1082	79918.0	78509.0
-1081	79779.0	78489.0
-1080	79367.0	78560.0
-1079	79991.0	78234.0
-1078	79905.0	78974.0
-1077	79752.0	78294.0
-1076	79358.0	78464.0
-1075	79393.0	78600.0
-1074	80046.0	78877.0
-1073	79837.0	79012.0
-1072	79391.0	78894.0
-1071	80053.0	78446.0
-1070	79913.0	78366.0
-1069	79815.0	78522.0
-1068	79556.0	79227.0
-1067	79968.0	78820.0
-1066	79853.0	78718.0
-1065	79884.0	78156.0
-1064	79939.0	78703.0
-1063	79717.0	78430.0
-1062	79828.0	78797.0
-1061	79642.0	78760.0
-1060	80279.0	78664.0
-1059	80098.0	78688.0
-1058	80134.0	78644.0
-1057	79658.0	78811.0
-1056	79739.0	78894.0
-1055	79515.0	78738.0
-1054	79769.0	78733.0
-1053	80050.0	78892.0
-1052	80035.0	78898.0
-1051	80168.0	78076.0
-1050	80146.0	78315.0
-1049	79845.0	78817.0
-1048	79804.0	78647.0
-1047	79846.0	78924.0
-1046	80308.0	79365.0
-1045	79768.0	78868.0
-1044	80535.0	79097.0
-1043	79960.0	78866.0
-1042	80141.0	78626.0
-1041	80155.0	78943.0
-1040	80305.0	78945.0
-1039	79718.0	78664.0
-1038	80240.0	79103.0
-1037	80469.0	78726.0
-1036	79985.0	79351.0
-1035	80360.0	78751.0
-1034	79786.0	79525.0
-1033	79665.0	78690.0
-1032	80138.0	79441.0
-1031	80445.0	78766.0
-1030	79932.0	78400.0
-1029	79947.0	79254.0
-1028	80400.0	78827.0
-1027	79801.0	78996.0
-1026	80131.0	79452.0
-1025	80569.0	78906.0
-1024	80029.0	78983.0
-1023	80000.0	79000.0
-1022	79741.0	79450.0
-1021	80153.0	79039.0
-1020	80405.0	79030.0
-1019	80483.0	78736.0
-1018	80239.0	79133.0
-1017	80619.0	79247.0
-1016	80145.0	79526.0
-1015	80120.0	79240.0
-1014	80120.0	78939.0
-1013	80218.0	79315.0
-1012	80376.0	78803.0
-1011	79954.0	79374.0
-1010	80379.0	78628.0
-1009	80612.0	79079.0
-1008	80422.0	79290.0
-1007	80635.0	79074.0
-1006	79907.0	79323.0
-1005	79699.0	79176.0
-1004	80252.0	79194.0
-1003	80104.0	78741.0
-1002	80274.0	79682.0
-1001	80494.0	79391.0
-1000	80605.0	78966.0
-999	80385.0	79504.0
-998	80483.0	78913.0
-997	80326.0	79274.0
-996	80429.0	79376.0
-995	80200.0	78856.0
-994	80124.0	79288.0
-993	79903.0	79297.0
-992	80422.0	79181.0
-991	80219.0	79361.0
-990	80447.0	78903.0
-989	80578.0	79539.0
-988	80383.0	78763.0
-987	80650.0	79017.0
-986	80814.0	78797.0
-985	80930.0	79285.0
-984	80880.0	79419.0
-983	80730.0	79166.0
-982	80301.0	79886.0
-981	80902.0	79734.0
-980	80588.0	79347.0
-979	80815.0	79141.0
-978	80155.0	79769.0
-977	80505.0	79830.0
-976	80740.0	79673.0
-975	80915.0	79490.0
-974	80867.0	79509.0
-973	80376.0	79752.0
-972	80850.0	79512.0
-971	80322.0	79581.0
-970	80779.0	79079.0
-969	80732.0	79532.0
-968	80735.0	79586.0
-967	80748.0	79683.0
-966	80980.0	79971.0
-965	80892.0	79428.0
-964	80576.0	79661.0
-963	80683.0	79580.0
-962	80821.0	79632.0
-961	81056.0	79659.0
-960	80594.0	79921.0
-959	80569.0	79789.0
-958	80345.0	79808.0
-957	80652.0	79809.0
-956	80621.0	79944.0
-955	80924.0	79888.0
-954	80549.0	79863.0
-953	81661.0	79812.0
-952	80789.0	79705.0
-951	80796.0	79278.0
-950	81107.0	79782.0
-949	80069.0	79973.0
-948	80608.0	79441.0
-947	80702.0	79537.0
-946	80820.0	79984.0
-945	80631.0	79700.0
-944	80611.0	79933.0
-943	80572.0	79762.0
-942	81037.0	80206.0
-941	80535.0	80170.0
-940	80333.0	79801.0
-939	80541.0	80004.0
-938	80789.0	80212.0
-937	81100.0	79469.0
-936	80881.0	79991.0
-935	81079.0	80136.0
-934	80706.0	80144.0
-933	80658.0	79784.0
-932	80377.0	79904.0
-931	80557.0	79786.0
-930	80896.0	80236.0
-929	81112.0	79765.0
-928	80431.0	79756.0
-927	80284.0	80310.0
-926	80817.0	80006.0
-925	81006.0	80004.0
-924	80294.0	79554.0
-923	81060.0	79920.0
-922	80636.0	79506.0
-921	81058.0	80116.0
-920	81146.0	79859.0
-919	80795.0	80039.0
-918	80834.0	79719.0
-917	80873.0	79818.0
-916	80661.0	80000.0
-915	81163.0	80408.0
-914	80643.0	79688.0
-913	81021.0	80119.0
-912	81186.0	80164.0
-911	80872.0	79967.0
-910	80992.0	80515.0
-909	80757.0	79778.0
-908	80956.0	79668.0
-907	80995.0	80096.0
-906	80319.0	79783.0
-905	80890.0	79862.0
-904	81169.0	80084.0
-903	80862.0	79973.0
-902	80815.0	80285.0
-901	81288.0	80398.0
-900	81184.0	79587.0
-899	81483.0	80004.0
-898	81360.0	80031.0
-897	81579.0	79493.0
-896	81012.0	80204.0
-895	81053.0	79796.0
-894	81015.0	80120.0
-893	81093.0	80416.0
-892	81229.0	80013.0
-891	81228.0	80217.0
-890	81337.0	80020.0
-889	81063.0	79855.0
-888	81746.0	80443.0
-887	81261.0	80051.0
-886	81409.0	80397.0
-885	81242.0	80234.0
-884	80991.0	79887.0
-883	80984.0	80716.0
-882	81250.0	79856.0
-881	81160.0	79971.0
-880	80826.0	79664.0
-879	81281.0	80007.0
-878	81718.0	80170.0
-877	80984.0	80344.0
-876	81019.0	80211.0
-875	81248.0	80017.0
-874	80874.0	80273.0
-873	81387.0	80224.0
-872	81642.0	80426.0
-871	81464.0	80513.0
-870	81233.0	80211.0
-869	81424.0	79882.0
-868	81458.0	79966.0
-867	81270.0	79615.0
-866	81347.0	80438.0
-865	81598.0	80628.0
-864	81635.0	80435.0
-863	81603.0	80451.0
-862	81123.0	80204.0
-861	81244.0	80566.0
-860	81622.0	80059.0
-859	80968.0	80689.0
-858	81709.0	80235.0
-857	81348.0	80101.0
-856	81611.0	80014.0
-855	81629.0	80471.0
-854	81451.0	80083.0
-853	81674.0	80208.0
-852	81263.0	79806.0
-851	81189.0	80456.0
-850	82081.0	80274.0
-849	81783.0	80678.0
-848	81540.0	79931.0
-847	81549.0	80482.0
-846	81399.0	80621.0
-845	81984.0	80500.0
-844	82186.0	80103.0
-843	81644.0	80448.0
-842	81645.0	80392.0
-841	81540.0	80565.0
-840	81627.0	80674.0
-839	81869.0	80711.0
-838	81728.0	80879.0
-837	81823.0	80176.0
-836	81953.0	81003.0
-835	81764.0	80518.0
-834	81670.0	80534.0
-833	81808.0	80758.0
-832	81857.0	80997.0
-831	81135.0	80244.0
-830	81814.0	80398.0
-829	81466.0	80822.0
-828	81687.0	80503.0
-827	81710.0	80646.0
-826	81803.0	80681.0
-825	81829.0	81019.0
-824	81424.0	80094.0
-823	81817.0	81071.0
-822	81859.0	80383.0
-821	81751.0	80754.0
-820	81476.0	80315.0
-819	81768.0	80436.0
-818	81487.0	80735.0
-817	81993.0	80987.0
-816	82100.0	80245.0
-815	82271.0	81120.0
-814	81735.0	81035.0
-813	82818.0	80630.0
-812	82099.0	80507.0
-811	81636.0	80411.0
-810	81790.0	80489.0
-809	81987.0	80540.0
-808	81852.0	80220.0
-807	82014.0	80740.0
-806	81483.0	80497.0
-805	81859.0	80972.0
-804	82213.0	80878.0
-803	82228.0	80452.0
-802	82346.0	80201.0
-801	82201.0	81142.0
-800	82159.0	80833.0
-799	81945.0	81023.0
-798	81976.0	81010.0
-797	82049.0	81204.0
-796	81941.0	80656.0
-795	82314.0	81370.0
-794	82256.0	81286.0
-793	82246.0	80979.0
-792	82223.0	80464.0
-791	82364.0	80704.0
-790	82061.0	80708.0
-789	82207.0	80919.0
-788	81934.0	80916.0
-787	82569.0	81014.0
-786	82823.0	80687.0
-785	82371.0	81023.0
-784	82772.0	81036.0
-783	82290.0	80921.0
-782	82355.0	80697.0
-781	82461.0	80467.0
-780	82479.0	80944.0
-779	82678.0	81031.0
-778	82566.0	80847.0
-777	82261.0	80783.0
-776	82399.0	80859.0
-775	82379.0	80674.0
-774	82586.0	80705.0
-773	82755.0	80800.0
-772	82323.0	80890.0
-771	83014.0	81068.0
-770	82473.0	80899.0
-769	82948.0	80972.0
-768	82822.0	80789.0
-767	82169.0	81543.0
-766	82328.0	80878.0
-765	82598.0	80858.0
-764	82444.0	80460.0
-763	82864.0	81035.0
-762	82518.0	81202.0
-761	82197.0	80652.0
-760	82997.0	80924.0
-759	82691.0	80866.0
-758	82476.0	81319.0
-757	82862.0	80917.0
-756	82789.0	80843.0
-755	82620.0	80940.0
-754	82401.0	80892.0
-753	82886.0	81181.0
-752	82843.0	81243.0
-751	82648.0	81637.0
-750	82550.0	81293.0
-749	82225.0	81589.0
-748	82414.0	81277.0
-747	82533.0	81004.0
-746	82190.0	81080.0
-745	82476.0	81401.0
-744	82485.0	81357.0
-743	82966.0	81207.0
-742	82960.0	81588.0
-741	82798.0	81434.0
-740	82549.0	80792.0
-739	82270.0	81550.0
-738	82613.0	81292.0
-737	82955.0	81297.0
-736	82798.0	81165.0
-735	82563.0	81069.0
-734	82571.0	81272.0
-733	82896.0	81228.0
-732	82688.0	81347.0
-731	82405.0	80848.0
-730	82713.0	81193.0
-729	83228.0	81725.0
-728	83039.0	81266.0
-727	82907.0	81344.0
-726	82660.0	81398.0
-725	82817.0	81370.0
-724	83343.0	81318.0
-723	82971.0	81356.0
-722	83141.0	81422.0
-721	83475.0	81357.0
-720	83019.0	81551.0
-719	83061.0	81377.0
-718	83033.0	81505.0
-717	83355.0	81154.0
-716	82529.0	81085.0
-715	83599.0	81526.0
-714	83512.0	81535.0
-713	82797.0	81294.0
-712	82672.0	81356.0
-711	82949.0	81487.0
-710	82571.0	81496.0
-709	83497.0	81959.0
-708	83453.0	81414.0
-707	83257.0	81923.0
-706	83405.0	81679.0
-705	83399.0	81853.0
-704	82758.0	81555.0
-703	83653.0	81720.0
-702	83713.0	81464.0
-701	83321.0	81320.0
-700	82930.0	82318.0
-699	83608.0	81616.0
-698	83787.0	81231.0
-697	83781.0	81895.0
-696	83241.0	81771.0
-695	83358.0	81673.0
-694	83432.0	82087.0
-693	83418.0	81854.0
-692	83602.0	81543.0
-691	83499.0	81938.0
-690	83490.0	81604.0
-689	83695.0	81331.0
-688	83100.0	81577.0
-687	83117.0	81653.0
-686	83724.0	81412.0
-685	83990.0	81429.0
-684	83735.0	81889.0
-683	83639.0	81756.0
-682	83838.0	81267.0
-681	83520.0	81660.0
-680	83536.0	81579.0
-679	83443.0	81931.0
-678	83182.0	81476.0
-677	83363.0	81430.0
-676	83880.0	81704.0
-675	83700.0	82353.0
-674	83745.0	82018.0
-673	84411.0	81599.0
-672	84056.0	82154.0
-671	83964.0	81665.0
-670	83463.0	81871.0
-669	83839.0	81782.0
-668	84103.0	81868.0
-667	83768.0	81851.0
-666	83796.0	81506.0
-665	83937.0	82071.0
-664	84214.0	82064.0
-663	83772.0	82032.0
-662	84221.0	82057.0
-661	83774.0	81896.0
-660	84093.0	81720.0
-659	83650.0	81583.0
-658	83959.0	81812.0
-657	83984.0	81848.0
-656	84175.0	81997.0
-655	83728.0	82481.0
-654	83718.0	82084.0
-653	84148.0	81841.0
-652	84070.0	81959.0
-651	84289.0	82336.0
-650	83895.0	82383.0
-649	84052.0	82629.0
-648	84152.0	81535.0
-647	83995.0	82055.0
-646	83760.0	82494.0
-645	83930.0	82662.0
-644	83852.0	82486.0
-643	84290.0	82233.0
-642	84056.0	82593.0
-641	84080.0	82200.0
-640	84325.0	82778.0
-639	84539.0	82599.0
-638	84636.0	82514.0
-637	84384.0	82383.0
-636	84478.0	81985.0
-635	84196.0	82049.0
-634	83913.0	82795.0
-633	84276.0	82506.0
-632	84174.0	82277.0
-631	84368.0	82154.0
-630	84879.0	82251.0
-629	83930.0	82831.0
-628	83883.0	82442.0
-627	84283.0	83004.0
-626	84633.0	82162.0
-625	84964.0	82688.0
-624	85058.0	82761.0
-623	84539.0	82666.0
-622	84574.0	82318.0
-621	84117.0	82268.0
-620	84697.0	82656.0
-619	84826.0	82639.0
-618	84457.0	82411.0
-617	84193.0	82262.0
-616	84913.0	82293.0
-615	83925.0	82417.0
-614	84295.0	82684.0
-613	84235.0	82462.0
-612	84677.0	82669.0
-611	84402.0	82948.0
-610	84465.0	82262.0
-609	84797.0	83059.0
-608	84278.0	82865.0
-607	84393.0	82572.0
-606	84236.0	82958.0
-605	84537.0	83112.0
-604	84228.0	82650.0
-603	84465.0	82957.0
-602	84563.0	83040.0
-601	84711.0	83081.0
-600	84289.0	82626.0
-599	84665.0	82884.0
-598	84463.0	83008.0
-597	84713.0	82779.0
-596	84707.0	83286.0
-595	84856.0	82467.0
-594	84719.0	82665.0
-593	84378.0	82693.0
-592	84564.0	82855.0
-591	84668.0	83109.0
-590	84898.0	82529.0
-589	84658.0	82540.0
-588	84971.0	82392.0
-587	84811.0	82908.0
-586	84792.0	82660.0
-585	84536.0	82805.0
-584	84555.0	83055.0
-583	85095.0	83211.0
-582	84710.0	82637.0
-581	84863.0	82766.0
-580	84923.0	82988.0
-579	84711.0	82942.0
-578	84765.0	83282.0
-577	84650.0	83108.0
-576	85183.0	82649.0
-575	85617.0	82903.0
-574	84635.0	82676.0
-573	84859.0	83402.0
-572	85325.0	82993.0
-571	84973.0	82878.0
-570	84717.0	83126.0
-569	85141.0	83277.0
-568	84949.0	83359.0
-567	85260.0	82905.0
-566	85185.0	83342.0
-565	84899.0	83285.0
-564	85195.0	83118.0
-563	85481.0	83245.0
-562	85483.0	83238.0
-561	84760.0	82965.0
-560	85284.0	83157.0
-559	85185.0	82853.0
-558	85409.0	83268.0
-557	85136.0	83057.0
-556	84937.0	83272.0
-555	84920.0	82949.0
-554	85297.0	83301.0
-553	85180.0	82859.0
-552	85213.0	83317.0
-551	85552.0	83749.0
-550	85333.0	83022.0
-549	85441.0	83520.0
-548	85812.0	83610.0
-547	85033.0	83685.0
-546	85398.0	83189.0
-545	85527.0	83668.0
-544	86061.0	83289.0
-543	85061.0	82564.0
-542	85382.0	83545.0
-541	85393.0	83711.0
-540	85166.0	83459.0
-539	85953.0	83624.0
-538	85369.0	84168.0
-537	84957.0	83487.0
-536	85441.0	83573.0
-535	85126.0	83411.0
-534	85722.0	83165.0
-533	85586.0	83043.0
-532	85467.0	83336.0
-531	85488.0	84175.0
-530	85380.0	84141.0
-529	85382.0	84148.0
-528	85683.0	83770.0
-527	85048.0	83860.0
-526	85732.0	83621.0
-525	85753.0	83372.0
-524	85397.0	83466.0
-523	85771.0	83593.0
-522	85961.0	83907.0
-521	85651.0	83814.0
-520	85353.0	83592.0
-519	85649.0	83396.0
-518	85408.0	83551.0
-517	85276.0	83530.0
-516	85709.0	83217.0
-515	86029.0	84124.0
-514	85961.0	84216.0
-513	86349.0	83913.0
-512	85658.0	84011.0
-511	85685.0	83554.0
-510	85915.0	83487.0
-509	85650.0	83803.0
-508	85551.0	83736.0
-507	86026.0	84021.0
-506	85870.0	84047.0
-505	86005.0	83956.0
-504	85878.0	83787.0
-503	85988.0	83955.0
-502	85530.0	84033.0
-501	85774.0	84189.0
-500	85694.0	84162.0
-499	86364.0	84032.0
-498	86595.0	84332.0
-497	85785.0	84033.0
-496	86477.0	84018.0
-495	86232.0	84255.0
-494	86404.0	84453.0
-493	86297.0	83934.0
-492	86066.0	83467.0
-491	85996.0	84228.0
-490	86326.0	83705.0
-489	86598.0	83847.0
-488	86336.0	84393.0
-487	86343.0	83606.0
-486	86238.0	84569.0
-485	86314.0	84386.0
-484	85924.0	84281.0
-483	86183.0	84157.0
-482	86370.0	84235.0
-481	86583.0	84210.0
-480	86255.0	84309.0
-479	86325.0	84388.0
-478	87367.0	84416.0
-477	87027.0	84384.0
-476	86273.0	83864.0
-475	86602.0	84410.0
-474	86815.0	84545.0
-473	86920.0	84181.0
-472	87017.0	84475.0
-471	87417.0	84333.0
-470	86853.0	84789.0
-469	86793.0	84546.0
-468	86975.0	84029.0
-467	86540.0	84701.0
-466	86459.0	84358.0
-465	86677.0	84296.0
-464	86859.0	83891.0
-463	86155.0	84444.0
-462	86992.0	84531.0
-461	86164.0	84653.0
-460	87229.0	84777.0
-459	86880.0	85136.0
-458	87411.0	84726.0
-457	86856.0	84513.0
-456	86641.0	84233.0
-455	86973.0	84448.0
-454	86956.0	84489.0
-453	86991.0	84550.0
-452	86377.0	84887.0
-451	87036.0	84338.0
-450	87098.0	84578.0
-449	86337.0	84062.0
-448	87242.0	84786.0
-447	86631.0	85158.0
-446	86866.0	84972.0
-445	87341.0	84458.0
-444	87528.0	85134.0
-443	86892.0	84656.0
-442	86465.0	84563.0
-441	87235.0	84684.0
-440	87005.0	84685.0
-439	87313.0	84749.0
-438	86781.0	84962.0
-437	87181.0	84631.0
-436	86972.0	84774.0
-435	86897.0	84885.0
-434	87437.0	84946.0
-433	87110.0	84815.0
-432	87285.0	84705.0
-431	87552.0	85128.0
-430	87256.0	84829.0
-429	86923.0	85338.0
-428	87978.0	85323.0
-427	86776.0	84886.0
-426	87622.0	84986.0
-425	87259.0	85048.0
-424	87766.0	84717.0
-423	87393.0	84658.0
-422	87533.0	84798.0
-421	87912.0	85100.0
-420	87862.0	85328.0
-419	87311.0	85324.0
-418	87746.0	85047.0
-417	87557.0	84914.0
-416	87580.0	85051.0
-415	87698.0	84795.0
-414	87297.0	84627.0
-413	88118.0	84442.0
-412	87400.0	84845.0
-411	88083.0	84912.0
-410	87580.0	85582.0
-409	87370.0	84603.0
-408	87794.0	85156.0
-407	88148.0	85608.0
-406	88328.0	85127.0
-405	87927.0	84892.0
-404	87497.0	85188.0
-403	88040.0	85111.0
-402	88426.0	85560.0
-401	88045.0	85003.0
-400	87998.0	85095.0
-399	87981.0	84982.0
-398	87767.0	85209.0
-397	87646.0	84852.0
-396	87420.0	85592.0
-395	88197.0	85480.0
-394	87804.0	84987.0
-393	87516.0	85713.0
-392	87947.0	85809.0
-391	87877.0	85386.0
-390	88195.0	85655.0
-389	88722.0	85618.0
-388	87925.0	85604.0
-387	87467.0	85259.0
-386	87676.0	85400.0
-385	87581.0	85887.0
-384	88479.0	85380.0
-383	87793.0	85524.0
-382	88646.0	85520.0
-381	88402.0	86115.0
-380	88249.0	85278.0
-379	87642.0	85521.0
-378	88082.0	85935.0
-377	88340.0	85594.0
-376	88740.0	85860.0
-375	88035.0	85904.0
-374	88073.0	85908.0
-373	88572.0	85748.0
-372	88917.0	85889.0
-371	88526.0	85526.0
-370	88116.0	86210.0
-369	88100.0	86086.0
-368	88245.0	86069.0
-367	88297.0	85614.0
-366	88696.0	86151.0
-365	88606.0	85976.0
-364	88765.0	85807.0
-363	88478.0	86022.0
-362	88514.0	85978.0
-361	88011.0	85995.0
-360	88693.0	86235.0
-359	88776.0	85519.0
-358	88295.0	86083.0
-357	88740.0	85781.0
-356	88758.0	85907.0
-355	88951.0	85817.0
-354	88666.0	85690.0
-353	89251.0	85821.0
-352	88428.0	85626.0
-351	89321.0	85414.0
-350	88363.0	85927.0
-349	88796.0	86148.0
-348	88799.0	86036.0
-347	88795.0	86044.0
-346	88806.0	86132.0
-345	89265.0	85919.0
-344	89340.0	85969.0
-343	89351.0	85870.0
-342	88991.0	86678.0
-341	89154.0	86257.0
-340	89186.0	85899.0
-339	89096.0	85968.0
-338	89595.0	86123.0
-337	89266.0	85690.0
-336	89299.0	86244.0
-335	89430.0	86448.0
-334	89755.0	87117.0
-333	89633.0	86144.0
-332	89177.0	86684.0
-331	89166.0	86247.0
-330	89200.0	86536.0
-329	89420.0	86648.0
-328	89553.0	86340.0
-327	89717.0	86358.0
-326	89209.0	86727.0
-325	89359.0	86397.0
-324	89266.0	86508.0
-323	89907.0	86426.0
-322	89710.0	86290.0
-321	89226.0	86603.0
-320	89429.0	86299.0
-319	90035.0	86949.0
-318	89691.0	86532.0
-317	89459.0	86325.0
-316	89947.0	87078.0
-315	89960.0	86857.0
-314	89564.0	86583.0
-313	89618.0	86860.0
-312	90204.0	86559.0
-311	90582.0	86835.0
-310	89770.0	86111.0
-309	89740.0	87180.0
-308	90442.0	86388.0
-307	89958.0	86979.0
-306	90057.0	86675.0
-305	90020.0	86904.0
-304	89576.0	86989.0
-303	90346.0	86910.0
-302	90449.0	86603.0
-301	89926.0	86851.0
-300	90482.0	86774.0
-299	90074.0	86619.0
-298	90401.0	87238.0
-297	90456.0	86836.0
-296	90264.0	86400.0
-295	90111.0	86506.0
-294	90413.0	87499.0
-293	90470.0	87380.0
-292	90464.0	86631.0
-291	90898.0	86924.0
-290	90221.0	87284.0
-289	90449.0	87220.0
-288	90617.0	86839.0
-287	90495.0	86896.0
-286	90287.0	87041.0
-285	90572.0	86701.0
-284	90906.0	87355.0
-283	90832.0	86380.0
-282	90884.0	86817.0
-281	90772.0	87020.0
-280	90402.0	87416.0
-279	90578.0	87255.0
-278	90473.0	87296.0
-277	90706.0	87115.0
-276	91020.0	87637.0
-275	91129.0	87149.0
-274	91106.0	87583.0
-273	91229.0	87152.0
-272	91498.0	87449.0
-271	91344.0	87431.0
-270	91394.0	87368.0
-269	91145.0	87438.0
-268	91706.0	87377.0
-267	90829.0	87718.0
-266	91295.0	87765.0
-265	91077.0	87392.0
-264	91897.0	87307.0
-263	91559.0	87361.0
-262	91807.0	87213.0
-261	91705.0	88011.0
-260	91224.0	87365.0
-259	92059.0	87173.0
-258	91650.0	87760.0
-257	91993.0	87451.0
-256	92103.0	87254.0
-255	92138.0	87588.0
-254	91666.0	87799.0
-253	91704.0	87658.0
-252	92317.0	87530.0
-251	91800.0	87310.0
-250	91696.0	87705.0
-249	92169.0	87643.0
-248	91892.0	88301.0
-247	92346.0	87960.0
-246	92305.0	88290.0
-245	92577.0	87764.0
-244	92402.0	87699.0
-243	92270.0	88734.0
-242	92558.0	88273.0
-241	92660.0	87810.0
-240	92906.0	88001.0
-239	92684.0	87766.0
-238	92605.0	87491.0
-237	92207.0	87753.0
-236	92768.0	87843.0
-235	92600.0	88340.0
-234	92630.0	88449.0
-233	92873.0	87745.0
-232	92639.0	88196.0
-231	92693.0	88033.0
-230	93007.0	87883.0
-229	92507.0	87813.0
-228	93624.0	88580.0
-227	93011.0	87713.0
-226	92805.0	87976.0
-225	93239.0	87995.0
-224	93036.0	88473.0
-223	93397.0	88632.0
-222	93410.0	88309.0
-221	93105.0	88504.0
-220	93649.0	88046.0
-219	93434.0	88366.0
-218	93488.0	87864.0
-217	93439.0	88660.0
-216	93797.0	88463.0
-215	94021.0	88681.0
-214	94169.0	88275.0
-213	93918.0	88414.0
-212	94248.0	88574.0
-211	94178.0	88452.0
-210	94009.0	88643.0
-209	93836.0	88912.0
-208	94086.0	89081.0
-207	94503.0	88595.0
-206	94519.0	88038.0
-205	94726.0	87927.0
-204	94400.0	88732.0
-203	94632.0	89233.0
-202	94908.0	88913.0
-201	94521.0	88943.0
-200	95171.0	89120.0
-199	95529.0	88679.0
-198	95240.0	89122.0
-197	95742.0	88696.0
-196	95910.0	88501.0
-195	95552.0	88715.0
-194	95042.0	88811.0
-193	95502.0	89207.0
-192	95768.0	88664.0
-191	95852.0	89280.0
-190	95870.0	88990.0
-189	96117.0	88953.0
-188	96290.0	89020.0
-187	95941.0	88887.0
-186	96277.0	89026.0
-185	96409.0	89357.0
-184	95750.0	89500.0
-183	96231.0	89433.0
-182	96629.0	89267.0
-181	96828.0	89273.0
-180	96384.0	89400.0
-179	97175.0	89121.0
-178	96429.0	88863.0
-177	96005.0	90054.0
-176	97260.0	89617.0
-175	97158.0	89422.0
-174	97137.0	89508.0
-173	97202.0	89460.0
-172	97316.0	89444.0
-171	97685.0	89744.0
-170	97648.0	89684.0
-169	97230.0	89531.0
-168	97784.0	88875.0
-167	97787.0	89639.0
-166	97805.0	89471.0
-165	98004.0	89976.0
-164	97985.0	89432.0
-163	97969.0	88877.0
-162	97499.0	89519.0
-161	97752.0	89831.0
-160	98648.0	89899.0
-159	98238.0	90002.0
-158	98159.0	89892.0
-157	98560.0	89149.0
-156	98643.0	90024.0
-155	98698.0	89665.0
-154	98634.0	89828.0
-153	98388.0	89344.0
-152	98276.0	89721.0
-151	98589.0	89479.0
-150	98471.0	90050.0
-149	99020.0	89639.0
-148	99388.0	89613.0
-147	99132.0	89873.0
-146	98909.0	90070.0
-145	99781.0	89648.0
-144	99519.0	89509.0
-143	99374.0	89648.0
-142	99767.0	89682.0
-141	99226.0	90441.0
-140	98715.0	89456.0
-139	99503.0	90119.0
-138	99143.0	89857.0
-137	99660.0	89842.0
-136	99635.0	90057.0
-135	99892.0	89680.0
-134	99674.0	90200.0
-133	99942.0	90204.0
-132	100331.0	90619.0
-131	100059.0	89680.0
-130	99897.0	90554.0
-129	100488.0	90289.0
-128	99704.0	90751.0
-127	99898.0	90766.0
-126	100289.0	90825.0
-125	100003.0	90781.0
-124	100771.0	90891.0
-123	100737.0	90307.0
-122	100559.0	90586.0
-121	100364.0	90597.0
-120	100680.0	90735.0
-119	100473.0	90966.0
-118	101193.0	91004.0
-117	101040.0	91001.0
-116	101126.0	90608.0
-115	100872.0	91098.0
-114	101006.0	91191.0
-113	101616.0	90866.0
-112	100682.0	91048.0
-111	101749.0	91458.0
-110	101313.0	90860.0
-109	101167.0	91535.0
-108	101061.0	91405.0
-107	100902.0	91156.0
-106	101584.0	91512.0
-105	101771.0	90965.0
-104	101729.0	90787.0
-103	102336.0	91774.0
-102	102048.0	91389.0
-101	101804.0	91794.0
-100	102484.0	91334.0
-99	101597.0	91506.0
-98	102536.0	91054.0
-97	102062.0	91542.0
-96	101940.0	91803.0
-95	102738.0	91579.0
-94	102692.0	91496.0
-93	102287.0	91561.0
-92	102966.0	91842.0
-91	102565.0	92169.0
-90	102741.0	91641.0
-89	103497.0	91566.0
-88	103357.0	92159.0
-87	103057.0	91415.0
-86	102760.0	91440.0
-85	103141.0	91832.0
-84	103293.0	91582.0
-83	103906.0	92575.0
-82	103101.0	92074.0
-81	103422.0	92253.0
-80	103815.0	92508.0
-79	103859.0	92267.0
-78	103629.0	92244.0
-77	103694.0	92453.0
-76	103553.0	92337.0
-75	103887.0	92540.0
-74	104124.0	92452.0
-73	103502.0	92819.0
-72	103902.0	92457.0
-71	103884.0	92505.0
-70	103901.0	92700.0
-69	104033.0	92557.0
-68	104752.0	93039.0
-67	104376.0	92806.0
-66	104291.0	92654.0
-65	104376.0	92997.0
-64	104854.0	92704.0
-63	104842.0	92870.0
-62	105360.0	92866.0
-61	104778.0	92790.0
-60	104406.0	93252.0
-59	105300.0	92830.0
-58	104951.0	93360.0
-57	105100.0	93215.0
-56	104690.0	93815.0
-55	104685.0	93793.0
-54	104817.0	93980.0
-53	105609.0	93521.0
-52	105445.0	93836.0
-51	105397.0	93622.0
-50	105536.0	93279.0
-49	105484.0	93577.0
-48	106186.0	93009.0
-47	106390.0	93423.0
-46	105949.0	94197.0
-45	106090.0	93929.0
-44	106360.0	94098.0
-43	106199.0	93731.0
-42	106766.0	94033.0
-41	106848.0	94312.0
-40	106706.0	94475.0
-39	107348.0	94544.0
-38	107503.0	94494.0
-37	107671.0	94629.0
-36	108106.0	94590.0
-35	107916.0	94986.0
-34	107670.0	94716.0
-33	108325.0	95117.0
-32	108991.0	95398.0
-31	108567.0	95202.0
-30	109249.0	94808.0
-29	109472.0	96068.0
-28	109826.0	95521.0
-27	110264.0	95906.0
-26	110331.0	95454.0
-25	110060.0	95633.0
-24	110967.0	95988.0
-23	111148.0	95680.0
-22	111723.0	95122.0
-21	112027.0	95768.0
-20	112766.0	95375.0
-19	112079.0	95669.0
-18	112549.0	95620.0
-17	113473.0	94995.0
-16	112888.0	95090.0
-15	113420.0	95556.0
-14	114097.0	94756.0
-13	114907.0	94561.0
-12	114872.0	95094.0
-11	115214.0	94884.0
-10	116125.0	94809.0
-9	116933.0	95021.0
-8	117322.0	94617.0
-7	117154.0	94812.0
-6	117970.0	95244.0
-5	118432.0	95464.0
-4	119464.0	94635.0
-3	120111.0	96058.0
-2	121089.0	95535.0
-1	124848.0	96345.0
0	46414.0	94943.0
1	124950.0	95382.0
2	122240.0	95899.0
3	120327.0	95594.0
4	119924.0	95563.0
5	119751.0	95764.0
6	118569.0	95946.0
7	118140.0	96254.0
8	117230.0	96009.0
9	117038.0	96818.0
10	116954.0	96798.0
11	116374.0	96285.0
12	115682.0	96550.0
13	115015.0	96760.0
14	114747.0	97100.0
15	114263.0	97844.0
16	113903.0	97390.0
17	114255.0	97740.0
18	113339.0	98462.0
19	112714.0	97931.0
20	112568.0	98805.0
21	112162.0	98905.0
22	112214.0	99156.0
23	111650.0	99746.0
24	111784.0	99660.0
25	111207.0	99796.0
26	111261.0	100008.0
27	110793.0	100427.0
28	110459.0	100941.0
29	110212.0	100426.0
30	110174.0	100834.0
31	110003.0	101130.0
32	109590.0	100996.0
33	109301.0	102093.0
34	108912.0	101585.0
35	108850.0	101814.0
36	108515.0	102084.0
37	108678.0	102320.0
38	108318.0	101813.0
39	108423.0	102945.0
40	107975.0	102504.0
41	107537.0	102692.0
42	107240.0	103226.0
43	107292.0	102983.0
44	107022.0	103735.0
45	106886.0	103565.0
46	107354.0	104659.0
47	106525.0	104627.0
48	106360.0	105282.0
49	107118.0	104969.0
50	106539.0	105151.0
51	106816.0	105882.0
52	106868.0	105775.0
53	106584.0	107037.0
54	105891.0	106943.0
55	106090.0	107193.0
56	106289.0	107448.0
57	105963.0	106582.0
58	106229.0	107487.0
59	105499.0	107475.0
60	106379.0	107310.0
61	105312.0	107572.0
62	105913.0	107709.0
63	104878.0	108058.0
64	105703.0	107727.0
65	105478.0	107930.0
66	105316.0	108000.0
67	104997.0	108368.0
68	104853.0	108373.0
69	104965.0	107808.0
70	105109.0	108469.0
71	105116.0	108479.0
72	104824.0	108722.0
73	105179.0	109569.0
74	104984.0	109281.0
75	105191.0	109159.0
76	104866.0	110307.0
77	104195.0	110825.0
78	104703.0	110633.0
79	104130.0	111731.0
80	104349.0	110932.0
81	104513.0	112083.0
82	104720.0	112081.0
83	104416.0	112386.0
84	104030.0	112622.0
85	104019.0	113405.0
86	103799.0	113752.0
87	103647.0	114556.0
88	104006.0	114801.0
89	103710.0	115173.0
90	103796.0	116520.0
91	104190.0	116831.0
92	104254.0	116826.0
93	103644.0	117569.0
94	102901.0	118137.0
95	103207.0	119518.0
96	103502.0	119619.0
97	103686.0	119823.0
98	104072.0	121300.0
99	103451.0	122016.0
100	102933.0	122692.0
101	103132.0	123818.0
102	103411.0	124196.0
103	103186.0	125079.0
104	102878.0	125703.0
105	102548.0	127361.0
106	102898.0	127766.0
107	102383.0	128864.0
108	102192.0	129486.0
109	102665.0	130683.0
110	102178.0	131452.0
111	101884.0	131549.0
112	102702.0	133411.0
113	102182.0	134325.0
114	101900.0	134541.0
115	102062.0	135371.0
116	101513.0	137505.0
117	101366.0	137681.0
118	101599.0	137991.0
119	101679.0	139231.0
120	101077.0	139829.0
121	101672.0	140934.0
122	101028.0	142126.0
123	100633.0	142824.0
124	101255.0	143876.0
125	101076.0	144443.0
126	100772.0	146280.0
127	101658.0	146942.0
128	100769.0	146890.0
129	100697.0	148551.0
130	100549.0	148934.0
131	100563.0	149571.0
132	101338.0	150627.0
133	100410.0	151915.0
134	100509.0	152076.0
135	100875.0	152729.0
136	100168.0	153367.0
137	99978.0	154157.0
138	100561.0	155211.0
139	99599.0	157109.0
140	99596.0	157304.0
141	100100.0	157378.0
142	99535.0	158563.0
143	99803.0	159005.0
144	100024.0	159109.0
145	100011.0	159538.0
146	100335.0	160452.0
147	99758.0	160558.0
148	99886.0	161793.0
149	99344.0	161783.0
150	99516.0	162977.0
151	99693.0	163603.0
152	99433.0	164497.0
153	99451.0	164456.0
154	99037.0	165448.0
155	98740.0	165264.0
156	99142.0	165038.0
157	99510.0	166416.0
158	98801.0	166608.0
159	99569.0	166318.0
160	99510.0	167584.0
161	99146.0	168083.0
162	98577.0	168880.0
163	99006.0	169466.0
164	98874.0	168968.0
165	98728.0	170116.0
166	98628.0	170752.0
167	98285.0	169854.0
168	98042.0	170312.0
169	98659.0	171684.0
170	98295.0	171523.0
171	98260.0	171606.0
172	98346.0	171896.0
173	97745.0	172265.0
174	97893.0	172344.0
175	98211.0	172635.0
176	97992.0	173917.0
177	97780.0	173122.0
178	97005.0	172751.0
179	97636.0	173618.0
180	97487.0	174967.0
181	97112.0	175004.0
182	97094.0	175017.0
183	96750.0	174916.0
184	96951.0	174991.0
185	97018.0	175621.0
186	97198.0	175977.0
187	97163.0	176303.0
188	96474.0	176022.0
189	96644.0	175670.0
190	96498.0	176749.0
191	96257.0	177050.0
192	96234.0	177328.0
193	95459.0	176963.0
194	96140.0	177512.0
195	96092.0	177331.0
196	96358.0	177379.0
197	95719.0	177280.0
198	96211.0	176983.0
199	95665.0	178137.0
200	95691.0	177598.0
201	95859.0	177968.0
202	94991.0	178173.0
203	95363.0	178454.0
204	95356.0	177986.0
205	95499.0	178897.0
206	94828.0	178607.0
207	95644.0	178463.0
208	95015.0	177928.0
209	95023.0	178268.0
210	95032.0	178821.0
211	95100.0	178270.0
212	95039.0	178289.0
213	94761.0	178021.0
214	95152.0	178715.0
215	94295.0	178373.0
216	94748.0	178877.0
217	94183.0	178778.0
218	94696.0	178326.0
219	93849.0	178614.0
220	94640.0	178912.0
221	94256.0	178016.0
222	94589.0	178336.0
223	93434.0	177284.0
224	94148.0	177128.0
225	93798.0	177956.0
226	94217.0	178237.0
227	93602.0	177870.0
228	93664.0	177642.0
229	93740.0	177439.0
230	93703.0	177577.0
231	93756.0	177622.0
232	93315.0	176565.0
233	93716.0	177381.0
234	93563.0	176135.0
235	93941.0	175856.0
236	93510.0	175414.0
237	93081.0	175691.0
238	93407.0	175259.0
239	93438.0	176267.0
240	93152.0	175153.0
241	93108.0	175404.0
242	92867.0	174422.0
243	92927.0	173767.0
244	92663.0	174210.0
245	93581.0	173732.0
246	92878.0	173280.0
247	92705.0	173732.0
248	92545.0	173560.0
249	92589.0	175405.0
250	93047.0	105889.0
251	92596.0	105932.0
252	93068.0	104996.0
253	92630.0	104487.0
254	92568.0	105197.0
255	92543.0	104996.0
256	92909.0	104611.0
257	92382.0	103979.0
258	92067.0	104593.0
259	92470.0	103558.0
260	92501.0	103885.0
261	92674.0	103651.0
262	91800.0	103834.0
263	92093.0	103747.0
264	92860.0	103217.0
265	92562.0	103388.0
266	91288.0	103401.0
267	91603.0	102979.0
268	91612.0	102646.0
269	92102.0	103406.0
270	91839.0	102258.0
271	91691.0	102231.0
272	91772.0	103096.0
273	91835.0	102836.0
274	92118.0	102224.0
275	91564.0	102300.0
276	91181.0	102037.0
277	91346.0	101984.0
278	91356.0	102064.0
279	91587.0	102198.0
280	91440.0	102108.0
281	91369.0	101557.0
282	91214.0	101811.0
283	91121.0	101608.0
284	91479.0	101318.0
285	90644.0	101757.0
286	91496.0	101423.0
287	91302.0	101748.0
288	91021.0	101210.0
289	91488.0	100517.0
290	91377.0	101597.0
291	91324.0	100560.0
292	90993.0	101188.0
293	90594.0	100462.0
294	90736.0	100818.0
295	90965.0	100641.0
296	91219.0	100915.0
297	90758.0	100598.0
298	90366.0	99755.0
299	90989.0	100298.0
300	90421.0	100922.0
301	90777.0	99820.0
302	90995.0	99881.0
303	90435.0	99770.0
304	90621.0	99535.0
305	90431.0	99483.0
306	90621.0	99662.0
307	90535.0	99728.0
308	90715.0	99308.0
309	90814.0	99268.0
310	90334.0	99242.0
311	90451.0	99186.0
312	90415.0	98849.0
313	90626.0	98697.0
314	90486.0	99307.0
315	90331.0	99430.0
316	90437.0	98996.0
317	90626.0	98890.0
318	90371.0	98979.0
319	90172.0	98709.0
320	89959.0	98181.0
321	90217.0	98878.0
322	90089.0	98248.0
323	90454.0	98176.0
324	90243.0	98620.0
325	89955.0	98404.0
326	89952.0	98246.0
327	89870.0	97988.0
328	89833.0	98055.0
329	90401.0	98172.0
330	90150.0	97415.0
331	90442.0	97717.0
332	90327.0	97728.0
333	90026.0	97821.0
334	90185.0	97321.0
335	90080.0	97339.0
336	90052.0	97278.0
337	89905.0	97386.0
338	90161.0	97484.0
339	90020.0	97143.0
340	90229.0	97014.0
341	89606.0	97742.0
342	89870.0	97272.0
343	89973.0	97252.0
344	89361.0	96956.0
345	89945.0	97528.0
346	89985.0	97524.0
347	89888.0	96958.0
348	89532.0	97112.0
349	89390.0	96816.0
350	89745.0	96609.0
351	89444.0	96661.0
352	88893.0	96229.0
353	89710.0	96411.0
354	89013.0	96803.0
355	89681.0	96317.0
356	89808.0	96550.0
357	89429.0	96206.0
358	88780.0	96368.0
359	89315.0	96315.0
360	89638.0	96402.0
361	89256.0	96128.0
362	89055.0	96364.0
363	89581.0	95762.0
364	89301.0	96257.0
365	88573.0	95638.0
366	89065.0	95986.0
367	89620.0	95627.0
368	89484.0	95897.0
369	88957.0	95334.0
370	89456.0	95536.0
371	88822.0	95399.0
372	88422.0	95226.0
373	89131.0	95276.0
374	88450.0	95028.0
375	89414.0	95041.0
376	88456.0	95439.0
377	89088.0	95474.0
378	88990.0	95293.0
379	89318.0	95370.0
380	89506.0	94522.0
381	88411.0	94540.0
382	89078.0	95174.0
383	88222.0	94815.0
384	89047.0	95015.0
385	88365.0	95241.0
386	88716.0	94575.0
387	88764.0	94540.0
388	88338.0	94723.0
389	88405.0	94942.0
390	88683.0	94277.0
391	88991.0	94654.0
392	88448.0	94855.0
393	88882.0	94549.0
394	88581.0	94531.0
395	88200.0	94482.0
396	88679.0	94062.0
397	88576.0	94552.0
398	88350.0	94316.0
399	88061.0	93972.0
400	88749.0	94316.0
401	87941.0	94036.0
402	88516.0	93992.0
403	88285.0	93574.0
404	88039.0	94161.0
405	88077.0	93738.0
406	88533.0	93572.0
407	88272.0	93535.0
408	88472.0	93315.0
409	88395.0	93125.0
410	88247.0	93263.0
411	88140.0	93545.0
412	88317.0	93058.0
413	88423.0	93109.0
414	87845.0	92792.0
415	88352.0	92719.0
416	87892.0	93243.0
417	88224.0	92630.0
418	88079.0	92996.0
419	88404.0	92663.0
420	87985.0	92204.0
421	87567.0	92716.0
422	87986.0	93090.0
423	88443.0	92915.0
424	87737.0	92452.0
425	87906.0	92093.0
426	87967.0	92749.0
427	87920.0	92313.0
428	88070.0	92508.0
429	87684.0	92268.0
430	88422.0	92463.0
431	87987.0	92014.0
432	87718.0	92546.0
433	88015.0	91919.0
434	87875.0	91777.0
435	87635.0	92525.0
436	87748.0	91708.0
437	87813.0	92639.0
438	87779.0	91951.0
439	88211.0	91992.0
440	87519.0	91759.0
441	87537.0	92083.0
442	87526.0	91517.0
443	88137.0	91814.0
444	87792.0	92067.0
445	87323.0	91442.0
446	88011.0	91409.0
447	88059.0	91744.0
448	88317.0	91563.0
449	87277.0	91558.0
450	87792.0	91610.0
451	88393.0	90964.0
452	87560.0	91270.0
453	87171.0	91394.0
454	87466.0	91645.0
455	87123.0	90973.0
456	87123.0	91337.0
457	87215.0	91108.0
458	87346.0	91098.0
459	87540.0	91209.0
460	87248.0	90934.0
461	87194.0	90990.0
462	87320.0	91103.0
463	87211.0	90971.0
464	87158.0	91109.0
465	87178.0	90696.0
466	87383.0	90724.0
467	86725.0	90949.0
468	87365.0	90945.0
469	86807.0	90931.0
470	87657.0	90409.0
471	86921.0	90585.0
472	87167.0	90304.0
473	87609.0	90980.0
474	87681.0	90013.0
475	87145.0	90679.0
476	87221.0	91308.0
477	86749.0	90201.0
478	87077.0	90175.0
479	86848.0	90442.0
480	87283.0	90310.0
481	86922.0	90243.0
482	86463.0	90418.0
483	86746.0	90079.0
484	86617.0	90303.0
485	86777.0	90358.0
486	86083.0	90019.0
487	87016.0	90040.0
488	86803.0	90134.0
489	86475.0	90455.0
490	87083.0	89812.0
491	87139.0	90050.0
492	86978.0	90203.0
493	86853.0	90108.0
494	86731.0	90043.0
495	86946.0	89623.0
496	86662.0	89779.0
497	86666.0	90208.0
498	87371.0	89437.0
499	86437.0	89544.0
500	86449.0	89475.0
501	86689.0	89573.0
502	86399.0	89606.0
503	86155.0	89676.0
504	86495.0	89618.0
505	87070.0	89884.0
506	86414.0	89637.0
507	86818.0	89838.0
508	86448.0	89765.0
509	86527.0	89728.0
510	86400.0	89269.0
511	86318.0	89257.0
512	86520.0	89531.0
513	86872.0	89248.0
514	86309.0	89448.0
515	86662.0	89545.0
516	85732.0	89088.0
517	86087.0	89090.0
518	86459.0	88635.0
519	86542.0	89371.0
520	86139.0	89231.0
521	86500.0	89367.0
522	86149.0	89099.0
523	85776.0	89445.0
524	85878.0	89069.0
525	86441.0	89324.0
526	86142.0	88734.0
527	85775.0	88424.0
528	86539.0	89443.0
529	85847.0	88788.0
530	86078.0	89037.0
531	85956.0	89017.0
532	85830.0	88772.0
533	85930.0	89259.0
534	86185.0	88862.0
535	86125.0	88723.0
536	85958.0	88806.0
537	85843.0	89232.0
538	86089.0	88606.0
539	86121.0	88524.0
540	85977.0	89062.0
541	86010.0	89222.0
542	86229.0	88612.0
543	85490.0	88238.0
544	85950.0	88931.0
545	86253.0	88797.0
546	86026.0	88948.0
547	85652.0	87968.0
548	85678.0	89007.0
549	85896.0	88565.0
550	85778.0	88142.0
551	85963.0	88641.0
552	85322.0	88695.0
553	85824.0	88675.0
554	85846.0	88602.0
555	85544.0	88851.0
556	85265.0	89101.0
557	84624.0	88573.0
558	85826.0	88283.0
559	86067.0	88003.0
560	85831.0	88377.0
561	86031.0	88054.0
562	85343.0	88387.0
563	85464.0	88324.0
564	85287.0	88520.0
565	85072.0	87836.0
566	85239.0	88161.0
567	85591.0	87729.0
568	85151.0	88659.0
569	85694.0	88131.0
570	85810.0	88238.0
571	86026.0	88297.0
572	85248.0	88165.0
573	85247.0	87802.0
574	85732.0	88123.0
575	85538.0	87980.0
576	85369.0	87602.0
577	85658.0	88601.0
578	85217.0	88201.0
579	85468.0	87738.0
580	85633.0	87512.0
581	84847.0	88079.0
582	85097.0	88089.0
583	86150.0	87861.0
584	85256.0	88314.0
585	85541.0	87169.0
586	84962.0	87715.0
587	85234.0	88234.0
588	85771.0	87908.0
589	85349.0	87394.0
590	85056.0	88013.0
591	85365.0	88001.0
592	85441.0	88134.0
593	85367.0	87691.0
594	85487.0	87985.0
595	85344.0	87921.0
596	84961.0	87663.0
597	85388.0	87940.0
598	85293.0	87067.0
599	85322.0	87800.0
600	85234.0	87609.0
601	84966.0	86966.0
602	84947.0	87362.0
603	85306.0	87716.0
604	85389.0	87589.0
605	85238.0	87546.0
606	85059.0	87777.0
607	85439.0	87248.0
608	84857.0	87758.0
609	84870.0	87537.0
610	85343.0	87640.0
611	84774.0	87524.0
612	84922.0	87136.0
613	84652.0	87413.0
614	84971.0	87130.0
615	84569.0	86853.0
616	85018.0	86879.0
617	84885.0	87201.0
618	85222.0	87646.0
619	85062.0	87067.0
620	84673.0	87159.0
621	84943.0	87047.0
622	85069.0	87246.0
623	84729.0	87194.0
624	84880.0	87466.0
625	84798.0	86963.0
626	84819.0	86919.0
627	84868.0	86761.0
628	84654.0	86509.0
629	84586.0	86854.0
630	84550.0	86943.0
631	84697.0	86996.0
632	84452.0	86940.0
633	84366.0	86672.0
634	84526.0	86679.0
635	84232.0	86613.0
636	84660.0	86661.0
637	84597.0	86732.0
638	84527.0	86604.0
639	84767.0	86501.0
640	84926.0	86876.0
641	84713.0	86658.0
642	85021.0	86935.0
643	84719.0	86775.0
644	84958.0	86893.0
645	84215.0	86771.0
646	84303.0	86847.0
647	84829.0	86872.0
648	84699.0	86728.0
649	84353.0	86437.0
650	84827.0	87009.0
651	84507.0	86724.0
652	84361.0	86209.0
653	84383.0	86740.0
654	84854.0	86790.0
655	84937.0	86641.0
656	84730.0	86357.0
657	84376.0	86711.0
658	84530.0	86891.0
659	84734.0	86502.0
660	84530.0	86380.0
661	84570.0	86603.0
662	84831.0	86736.0
663	84365.0	86384.0
664	84179.0	86559.0
665	84898.0	87055.0
666	84421.0	86601.0
667	83896.0	86010.0
668	84445.0	86885.0
669	84735.0	87096.0
670	84716.0	86056.0
671	83621.0	86065.0
672	84343.0	86208.0
673	83604.0	86084.0
674	84041.0	86567.0
675	84431.0	86121.0
676	83863.0	86721.0
677	84246.0	85914.0
678	84606.0	86490.0
679	84219.0	86357.0
680	84490.0	86620.0
681	84167.0	85915.0
682	84439.0	86094.0
683	84144.0	86568.0
684	84756.0	86191.0
685	83695.0	85757.0
686	84136.0	86549.0
687	84166.0	85969.0
688	84166.0	85827.0
689	83933.0	85930.0
690	84088.0	86082.0
691	84315.0	85568.0
692	84049.0	85405.0
693	84033.0	86137.0
694	84145.0	86321.0
695	83964.0	86446.0
696	83594.0	86081.0
697	83557.0	85722.0
698	83811.0	85800.0
699	84238.0	85732.0
700	84066.0	85919.0
701	83422.0	86422.0
702	83861.0	85798.0
703	83072.0	85348.0
704	83666.0	86480.0
705	83043.0	86015.0
706	83988.0	85762.0
707	83652.0	85981.0
708	83715.0	85911.0
709	84016.0	85843.0
710	83758.0	86323.0
711	84015.0	85734.0
712	83178.0	86128.0
713	83688.0	85477.0
714	83625.0	86063.0
715	83885.0	85790.0
716	83352.0	85874.0
717	83196.0	85565.0
718	83666.0	85295.0
719	83330.0	86005.0
720	83567.0	85607.0
721	83460.0	86022.0
722	83792.0	86071.0
723	83016.0	85658.0
724	84018.0	85460.0
725	83883.0	85239.0
726	83204.0	85574.0
727	83543.0	85389.0
728	83281.0	85864.0
729	83406.0	85559.0
730	83535.0	85926.0
731	83641.0	85822.0
732	83045.0	85666.0
733	83527.0	85423.0
734	83625.0	85448.0
735	83430.0	85440.0
736	83712.0	85106.0
737	83180.0	85279.0
738	83334.0	85630.0
739	83736.0	85404.0
740	83126.0	85457.0
741	83211.0	85710.0
742	83026.0	85535.0
743	83495.0	85251.0
744	83239.0	85312.0
745	82793.0	85578.0
746	83013.0	85135.0
747	83254.0	84814.0
748	83225.0	85751.0
749	83215.0	85022.0
750	83236.0	85179.0
751	83178.0	85355.0
752	82898.0	85102.0
753	82860.0	85078.0
754	83220.0	85072.0
755	83095.0	85240.0
756	82764.0	84785.0
757	83155.0	85419.0
758	82812.0	84853.0
759	82977.0	85367.0
760	83372.0	84650.0
761	82905.0	84992.0
762	83251.0	84484.0
763	82881.0	85049.0
764	82875.0	84413.0
765	82761.0	84992.0
766	83351.0	84863.0
767	82986.0	84429.0
768	83160.0	85280.0
769	83660.0	85305.0
770	82698.0	85160.0
771	83576.0	85027.0
772	82850.0	84968.0
773	83337.0	85284.0
774	83191.0	84987.0
775	82441.0	84788.0
776	83145.0	84801.0
777	83093.0	84886.0
778	83326.0	84660.0
779	82976.0	84632.0
780	82953.0	84510.0
781	82902.0	84497.0
782	82871.0	85094.0
783	83148.0	84437.0
784	82821.0	84456.0
785	82890.0	84379.0
786	82522.0	84824.0
787	82859.0	84759.0
788	82893.0	84787.0
789	83174.0	84807.0
790	83012.0	84276.0
791	82760.0	84454.0
792	82660.0	84439.0
793	82652.0	84113.0
794	82328.0	84248.0
795	82495.0	84436.0
796	82927.0	84291.0
797	82755.0	84492.0
798	82667.0	84164.0
799	82195.0	84561.0
800	82621.0	84389.0
801	82873.0	84088.0
802	82763.0	83997.0
803	83000.0	84205.0
804	82666.0	84313.0
805	82359.0	84498.0
806	82813.0	84425.0
807	82606.0	84073.0
808	82649.0	84321.0
809	82923.0	84371.0
810	82921.0	84433.0
811	82664.0	84324.0
812	82107.0	83960.0
813	82400.0	84730.0
814	82687.0	84344.0
815	82417.0	84334.0
816	82490.0	84064.0
817	82328.0	84171.0
818	82466.0	84850.0
819	81970.0	84356.0
820	82395.0	84316.0
821	82358.0	84568.0
822	82481.0	84185.0
823	82816.0	83718.0
824	82352.0	84156.0
825	82319.0	84214.0
826	82483.0	84075.0
827	82495.0	84315.0
828	82375.0	84867.0
829	81888.0	83847.0
830	82310.0	84009.0
831	82027.0	83536.0
832	81991.0	83819.0
833	81846.0	83816.0
834	82677.0	84197.0
835	82296.0	84231.0
836	82077.0	84238.0
837	82090.0	83801.0
838	81951.0	84122.0
839	82551.0	84404.0
840	81991.0	83930.0
841	82063.0	84378.0
842	81934.0	83943.0
843	82276.0	83651.0
844	81901.0	84080.0
845	82149.0	83704.0
846	81954.0	84365.0
847	82182.0	83643.0
848	81748.0	83631.0
849	82199.0	83894.0
850	81776.0	83988.0
851	82039.0	84404.0
852	81835.0	84228.0
853	81814.0	83537.0
854	81905.0	83560.0
855	81750.0	83586.0
856	82071.0	83843.0
857	82012.0	84107.0
858	81755.0	83797.0
859	82130.0	83580.0
860	81763.0	83617.0
861	81879.0	83802.0
862	81562.0	83878.0
863	82034.0	82920.0
864	81744.0	83615.0
865	81687.0	82885.0
866	81921.0	83664.0
867	81810.0	83825.0
868	81858.0	83832.0
869	81999.0	84258.0
870	82057.0	83470.0
871	82296.0	83262.0
872	81705.0	83818.0
873	82147.0	83989.0
874	81628.0	83484.0
875	82062.0	84162.0
876	81186.0	83452.0
877	81652.0	83882.0
878	81624.0	83399.0
879	81800.0	83538.0
880	81755.0	83694.0
881	81598.0	83240.0
882	81648.0	83636.0
883	82185.0	83537.0
884	81479.0	83544.0
885	81590.0	83607.0
886	81449.0	83954.0
887	81980.0	83600.0
888	81362.0	83289.0
889	81793.0	83297.0
890	81301.0	83257.0
891	81434.0	82982.0
892	81983.0	82860.0
893	81826.0	83451.0
894	81709.0	83260.0
895	81546.0	83432.0
896	81595.0	83002.0
897	81811.0	82796.0
898	81481.0	83029.0
899	81430.0	83051.0
900	81470.0	83479.0
901	81192.0	83292.0
902	81312.0	83306.0
903	81103.0	83086.0
904	81510.0	83272.0
905	81561.0	83193.0
906	81630.0	82714.0
907	81457.0	83095.0
908	81671.0	83441.0
909	81154.0	83113.0
910	81300.0	83236.0
911	81532.0	82442.0
912	81444.0	82920.0
913	81151.0	83085.0
914	81240.0	83152.0
915	81378.0	83229.0
916	81223.0	83155.0
917	81559.0	82962.0
918	81146.0	82989.0
919	81455.0	82709.0
920	80806.0	82277.0
921	81414.0	83236.0
922	81237.0	82679.0
923	81434.0	83312.0
924	81103.0	82808.0
925	81479.0	82396.0
926	81400.0	82394.0
927	81312.0	83021.0
928	81072.0	82552.0
929	81505.0	82799.0
930	81503.0	82771.0
931	81477.0	83221.0
932	81485.0	83280.0
933	80751.0	82671.0
934	81162.0	83252.0
935	81241.0	82727.0
936	81429.0	82941.0
937	80924.0	82983.0
938	81213.0	82524.0
939	81753.0	82550.0
940	81014.0	82272.0
941	81292.0	82559.0
942	81269.0	82275.0
943	81094.0	82990.0
944	81311.0	82932.0
945	80749.0	82633.0
946	80688.0	82397.0
947	81509.0	82571.0
948	81488.0	82647.0
949	80641.0	82269.0
950	81080.0	82894.0
951	81039.0	82265.0
952	81174.0	82573.0
953	81552.0	82585.0
954	80760.0	83051.0
955	81022.0	82051.0
956	81105.0	82142.0
957	81220.0	82542.0
958	81100.0	82310.0
959	80743.0	82517.0
960	81194.0	82373.0
961	81230.0	82407.0
962	81215.0	82550.0
963	81072.0	82581.0
964	81343.0	82318.0
965	81189.0	82356.0
966	81102.0	82847.0
967	81057.0	82486.0
968	80813.0	81679.0
969	80846.0	82140.0
970	80897.0	82791.0
971	81550.0	82195.0
972	81046.0	81867.0
973	81097.0	81608.0
974	81197.0	82399.0
975	81345.0	82327.0
976	81360.0	81844.0
977	81322.0	82646.0
978	81012.0	82505.0
979	80731.0	82582.0
980	81566.0	81984.0
981	80988.0	81644.0
982	80926.0	82512.0
983	81341.0	82254.0
984	80981.0	82099.0
985	81315.0	82403.0
986	81248.0	81984.0
987	81503.0	81739.0
988	81088.0	81856.0
989	81262.0	82112.0
990	80414.0	82165.0
991	81093.0	82474.0
992	80942.0	82003.0
993	80727.0	81470.0
994	81181.0	82011.0
995	80527.0	81994.0
996	81035.0	82156.0
997	80920.0	81697.0
998	80878.0	81965.0
999	80796.0	81846.0
1000	80882.0	82107.0
1001	80784.0	82075.0
1002	81154.0	82616.0
1003	80880.0	82177.0
1004	81138.0	81800.0
1005	80788.0	81569.0
1006	80848.0	82088.0
1007	81109.0	81637.0
1008	81425.0	82036.0
1009	81168.0	81923.0
1010	80307.0	82008.0
1011	80985.0	81225.0
1012	80861.0	81947.0
1013	81685.0	81662.0
1014	81038.0	81556.0
1015	80621.0	82314.0
1016	81347.0	81599.0
1017	80807.0	82035.0
1018	80900.0	81836.0
1019	80718.0	81998.0
1020	80903.0	81859.0
1021	81137.0	81643.0
1022	80971.0	82101.0
1023	81119.0	81781.0
1024	80743.0	81172.0
1025	80822.0	81700.0
1026	81152.0	81856.0
1027	80531.0	81836.0
1028	80517.0	81822.0
1029	80682.0	81676.0
1030	81020.0	81593.0
1031	80682.0	81648.0
1032	80564.0	82544.0
1033	80993.0	81777.0
1034	80202.0	81731.0
1035	80483.0	81437.0
1036	80621.0	81534.0
1037	81041.0	82087.0
1038	80638.0	81954.0
1039	80274.0	81388.0
1040	80832.0	81247.0
1041	80362.0	81741.0
1042	80422.0	81664.0
1043	80548.0	81083.0
1044	80843.0	81880.0
1045	80404.0	81734.0
1046	80522.0	82057.0
1047	80599.0	81232.0
1048	81022.0	81331.0
1049	80168.0	81406.0
1050	80447.0	81705.0
1051	80760.0	81767.0
1052	80232.0	81201.0
1053	80589.0	81614.0
1054	80343.0	81031.0
1055	80284.0	81470.0
1056	80476.0	81289.0
1057	80471.0	81841.0
1058	80009.0	80824.0
1059	80358.0	81139.0
1060	80146.0	81279.0
1061	80150.0	81714.0
1062	80359.0	80988.0
1063	80548.0	81368.0
1064	80330.0	81530.0
1065	80059.0	81288.0
1066	80372.0	81594.0
1067	80358.0	81059.0
1068	80229.0	81302.0
1069	79926.0	81503.0
1070	80455.0	81821.0
1071	80602.0	81250.0
1072	80438.0	81480.0
1073	79885.0	81526.0
1074	80169.0	81481.0
1075	80369.0	80890.0
1076	80399.0	81512.0
1077	79883.0	81936.0
1078	79683.0	81386.0
1079	79650.0	81195.0
1080	80536.0	81262.0
1081	79820.0	81263.0
1082	80434.0	81387.0
1083	79849.0	81714.0
1084	79965.0	81088.0
1085	79613.0	80981.0
1086	80428.0	81358.0
1087	80118.0	81377.0
1088	80254.0	80732.0
1089	80332.0	81522.0
1090	79747.0	81347.0
1091	80247.0	81534.0
1092	80076.0	81290.0
1093	80229.0	80945.0
1094	80048.0	80906.0
1095	80031.0	81219.0
1096	80183.0	81418.0
1097	80168.0	81278.0
1098	80156.0	81029.0
1099	79667.0	81716.0
1100	80045.0	81014.0
1101	80225.0	81214.0
1102	79793.0	81050.0
1103	79774.0	81224.0
1104	80149.0	80946.0
1105	79931.0	81094.0
1106	80139.0	80862.0
1107	80148.0	81697.0
1108	80694.0	80920.0
1109	80558.0	80751.0
1110	80253.0	81064.0
1111	80360.0	80760.0
1112	80151.0	80858.0
1113	79866.0	80914.0
1114	79995.0	81151.0
1115	80120.0	81032.0
1116	80666.0	81453.0
1117	80409.0	80774.0
1118	79805.0	81072.0
1119	80149.0	81128.0
1120	80300.0	81301.0
1121	80145.0	80778.0
1122	80005.0	80969.0
1123	79626.0	80717.0
1124	79982.0	80748.0
1125	79889.0	80594.0
1126	79329.0	81105.0
1127	80007.0	81082.0
1128	80212.0	81142.0
1129	80913.0	80822.0
1130	79654.0	80377.0
1131	79536.0	80907.0
1132	79648.0	80940.0
1133	79672.0	80771.0
1134	79701.0	80989.0
1135	79453.0	80928.0
1136	80150.0	80663.0
1137	79576.0	81190.0
1138	79360.0	80706.0
1139	79684.0	80326.0
1140	79523.0	80416.0
1141	79870.0	80873.0
1142	79849.0	81177.0
1143	79795.0	81046.0
1144	79908.0	80995.0
1145	79535.0	80366.0
1146	79710.0	80801.0
1147	79378.0	81136.0
1148	79570.0	81004.0
1149	79905.0	81053.0
1150	79950.0	80242.0
1151	79584.0	80860.0
1152	79644.0	80731.0
1153	79845.0	80545.0
1154	79399.0	81369.0
1155	79877.0	80242.0
1156	79303.0	81011.0
1157	79816.0	80683.0
1158	79700.0	81193.0
1159	79472.0	80931.0
1160	79170.0	80569.0
1161	79534.0	80877.0
1162	79313.0	81031.0
1163	79554.0	80865.0
1164	79596.0	80877.0
1165	79339.0	80863.0
1166	79772.0	81085.0
1167	79290.0	80789.0
1168	79828.0	80618.0
1169	79623.0	81028.0
1170	79760.0	80956.0
1171	79626.0	80870.0
1172	79400.0	80731.0
1173	79672.0	80273.0
1174	79280.0	80186.0
1175	79584.0	80766.0
1176	79670.0	81199.0
1177	79609.0	80611.0
1178	79394.0	80896.0
1179	79474.0	80813.0
1180	79033.0	80299.0
1181	79056.0	80408.0
1182	79460.0	80959.0
1183	79330.0	80291.0
1184	79207.0	80581.0
1185	79572.0	80500.0
1186	79715.0	79771.0
1187	79732.0	80537.0
1188	79578.0	80951.0
1189	79607.0	80162.0
1190	79416.0	80812.0
1191	79694.0	80514.0
1192	79260.0	80305.0
1193	78895.0	80122.0
1194	79325.0	80719.0
1195	79038.0	80485.0
1196	79425.0	80656.0
1197	79158.0	80865.0
1198	79618.0	80512.0
1199	78925.0	80733.0
1200	79208.0	80817.0
1201	79375.0	80416.0
1202	78868.0	80919.0
1203	79445.0	80724.0
1204	79235.0	80419.0
1205	78904.0	80661.0
1206	78674.0	79999.0
1207	79401.0	80971.0
1208	78570.0	79984.0
1209	79402.0	80620.0
1210	78626.0	80293.0
1211	79101.0	80392.0
1212	78767.0	80512.0
1213	79228.0	80436.0
1214	78844.0	80096.0
1215	79339.0	80196.0
1216	79483.0	80532.0
1217	79168.0	80145.0
1218	79138.0	80342.0
1219	78583.0	80582.0
1220	79036.0	80015.0
1221	78628.0	79970.0
1222	78867.0	80350.0
1223	79250.0	79898.0
1224	79089.0	79973.0
1225	78787.0	80118.0
1226	78673.0	80073.0
1227	78523.0	80708.0
1228	78785.0	80101.0
1229	78695.0	79879.0
1230	78641.0	80190.0
1231	78896.0	80367.0
1232	78666.0	80415.0
1233	79016.0	80271.0
1234	79050.0	80228.0
1235	78825.0	80170.0
1236	78573.0	80260.0
1237	78524.0	80456.0
1238	78673.0	80305.0
1239	78779.0	80022.0
1240	78950.0	79970.0
1241	78871.0	80188.0
1242	79097.0	80222.0
1243	78909.0	80177.0
1244	79018.0	79757.0
1245	79027.0	79683.0
1246	78395.0	80205.0
1247	78814.0	79672.0
1248	78542.0	80173.0
1249	78923.0	79840.0
1250	78550.0	80490.0
1251	78732.0	79941.0
1252	78911.0	80214.0
1253	78889.0	79917.0
1254	78939.0	80262.0
1255	78778.0	79815.0
1256	78620.0	80054.0
1257	78364.0	79859.0
1258	78215.0	79617.0
1259	78649.0	79767.0
1260	78562.0	79826.0
1261	78804.0	79442.0
1262	78804.0	80049.0
1263	78834.0	79902.0
1264	78626.0	79786.0
1265	78409.0	79508.0
1266	78719.0	80065.0
1267	78762.0	79670.0
1268	78571.0	79687.0
1269	78581.0	79758.0
1270	78266.0	79847.0
1271	79070.0	80463.0
1272	78294.0	80041.0
1273	78550.0	79688.0
1274	78713.0	79993.0
1275	78489.0	79796.0
1276	78370.0	79725.0
1277	78512.0	79737.0
1278	78392.0	79689.0
1279	78587.0	79575.0
1280	78685.0	80070.0
1281	78458.0	79570.0
1282	78683.0	80032.0
1283	78513.0	79796.0
1284	78984.0	79728.0
1285	78472.0	79469.0
1286	78409.0	79542.0
1287	78957.0	79555.0
1288	78732.0	80028.0
1289	78621.0	79506.0
1290	78116.0	79597.0
1291	78390.0	80034.0
1292	78710.0	79391.0
1293	78828.0	79774.0
1294	78531.0	79540.0
1295	78669.0	80194.0
1296	78638.0	79767.0
1297	78529.0	79345.0
1298	77801.0	79435.0
1299	78397.0	79535.0
1300	78182.0	79989.0
1301	78473.0	79545.0
1302	77871.0	79826.0
1303	78542.0	79733.0
1304	78169.0	80009.0
1305	78294.0	79916.0
1306	78400.0	79614.0
1307	78489.0	79691.0
1308	78519.0	80004.0
1309	78476.0	79587.0
1310	78657.0	78954.0
1311	78555.0	79436.0
1312	78088.0	79904.0
1313	78282.0	80073.0
1314	78478.0	79357.0
1315	77941.0	79634.0
1316	78073.0	79293.0
1317	78780.0	79552.0
1318	78048.0	79066.0
1319	77805.0	80186.0
1320	78221.0	79823.0
1321	78429.0	79306.0
1322	78337.0	79442.0
1323	78498.0	79363.0
1324	78506.0	79009.0
1325	78074.0	79901.0
1326	78486.0	79404.0
1327	78373.0	79760.0
1328	77940.0	79397.0
1329	78346.0	78958.0
1330	78390.0	79055.0
1331	78219.0	79376.0
1332	78443.0	79652.0
1333	77955.0	79160.0
1334	78330.0	79610.0
1335	78170.0	78965.0
1336	78060.0	79072.0
1337	78093.0	79188.0
1338	78337.0	79021.0
1339	78466.0	79239.0
1340	78049.0	79960.0
1341	78263.0	79185.0
1342	78445.0	79089.0
1343	77987.0	79506.0
1344	78065.0	78616.0
1345	78056.0	79342.0
1346	78133.0	79077.0
1347	78218.0	79160.0
1348	78073.0	78944.0
1349	78186.0	79170.0
1350	78081.0	79216.0
1351	77646.0	79185.0
1352	78032.0	79135.0
1353	78742.0	79218.0
1354	78517.0	78896.0
1355	78515.0	78999.0
1356	77841.0	78655.0
1357	77844.0	79338.0
1358	77977.0	79509.0
1359	78082.0	79148.0
1360	78116.0	78547.0
1361	78823.0	78940.0
1362	78121.0	78758.0
1363	78432.0	79325.0
1364	78000.0	78993.0
1365	78104.0	78856.0
1366	78269.0	78688.0
1367	78245.0	78830.0
1368	78061.0	79396.0
1369	78372.0	78908.0
1370	78370.0	79084.0
1371	77698.0	78767.0
1372	78174.0	78884.0
1373	77798.0	79256.0
1374	77925.0	79077.0
1375	78345.0	79120.0
1376	77953.0	79122.0
1377	78079.0	78853.0
1378	78237.0	78749.0
1379	78365.0	79000.0
1380	77777.0	78624.0
1381	77604.0	79055.0
1382	77843.0	79253.0
1383	77987.0	78877.0
1384	77932.0	78549.0
1385	77849.0	78604.0
1386	78435.0	78130.0
1387	78183.0	79035.0
1388	78559.0	78314.0
1389	78706.0	78704.0
1390	78381.0	78797.0
1391	77632.0	79218.0
1392	77757.0	78486.0
1393	77756.0	78597.0
1394	77886.0	78891.0
1395	77861.0	78570.0
1396	78261.0	78614.0
1397	78102.0	78058.0
1398	78181.0	78522.0
1399	77983.0	78247.0
1400	78015.0	78562.0
1401	77736.0	78461.0
1402	77964.0	78502.0
1403	77702.0	78988.0
1404	78000.0	78718.0
1405	77760.0	78431.0
1406	77563.0	78708.0
1407	77936.0	78622.0
1408	77888.0	78629.0
1409	77971.0	79062.0
1410	78105.0	78647.0
1411	77957.0	78354.0
1412	78289.0	78910.0
1413	78216.0	78411.0
1414	78171.0	78628.0
1415	78423.0	78173.0
1416	77929.0	78936.0
1417	77458.0	78316.0
1418	78062.0	78634.0
1419	77825.0	78364.0
1420	77942.0	78905.0
1421	77700.0	78111.0
1422	78043.0	78644.0
1423	77440.0	77844.0
1424	77429.0	78408.0
1425	77412.0	78876.0
1426	78024.0	78597.0
1427	77998.0	78499.0
1428	77760.0	78449.0
1429	77272.0	78293.0
1430	77669.0	78032.0
1431	77365.0	78791.0
1432	77701.0	78944.0
1433	77513.0	78303.0
1434	77397.0	78600.0
1435	77078.0	78846.0
1436	77693.0	78469.0
1437	77424.0	78347.0
1438	77617.0	78638.0
1439	77699.0	79018.0
1440	78367.0	78901.0
1441	77416.0	78138.0
1442	77427.0	78793.0
1443	77894.0	78624.0
1444	77351.0	78642.0
1445	77743.0	78171.0
1446	77457.0	78778.0
1447	77759.0	78446.0
1448	77858.0	78214.0
1449	77386.0	78240.0
1450	78048.0	78379.0
1451	77580.0	78316.0
1452	77739.0	78553.0
1453	77488.0	77811.0
1454	77595.0	77886.0
1455	78045.0	78588.0
1456	78177.0	78032.0
1457	77714.0	78702.0
1458	77339.0	78473.0
1459	78112.0	78565.0
1460	77506.0	78395.0
1461	78211.0	78535.0
1462	77730.0	78247.0
1463	77670.0	78381.0
1464	78050.0	78594.0
1465	77688.0	78413.0
1466	77811.0	78288.0
1467	77712.0	77812.0
1468	77526.0	78860.0
1469	78023.0	78087.0
1470	77524.0	78459.0
1471	77613.0	78442.0
1472	77358.0	78200.0
1473	77455.0	78323.0
1474	77601.0	78516.0
1475	77324.0	78492.0
1476	77940.0	78145.0
1477	77451.0	78158.0
1478	77895.0	78101.0
1479	77585.0	78038.0
1480	77552.0	77842.0
1481	77074.0	78365.0
1482	77360.0	78191.0
1483	77964.0	78110.0
1484	77254.0	78129.0
1485	77682.0	78012.0
1486	77643.0	77809.0
1487	77050.0	78231.0
1488	77329.0	78063.0
1489	77398.0	77805.0
1490	77189.0	78014.0
1491	77747.0	78467.0
1492	77546.0	78118.0
1493	77676.0	78363.0
1494	77272.0	78437.0
1495	77451.0	77529.0
1496	77488.0	78238.0
1497	77256.0	77757.0
1498	77207.0	78402.0
1499	77309.0	78249.0
1500	77497.0	77989.0
1501	77295.0	77938.0
1502	77500.0	77593.0
1503	77292.0	78100.0
1504	77425.0	77859.0
1505	77930.0	77995.0
1506	77201.0	77883.0
1507	77006.0	78713.0
1508	77272.0	78183.0
1509	77028.0	78298.0
1510	77802.0	77977.0
1511	77622.0	77789.0
1512	77573.0	77948.0
1513	77560.0	78173.0
1514	76999.0	77556.0
1515	77161.0	77643.0
1516	77322.0	77820.0
1517	77408.0	77878.0
1518	77132.0	78306.0
1519	77024.0	77855.0
1520	77068.0	77797.0
1521	77345.0	77620.0
1522	76792.0	77949.0
1523	77321.0	78134.0
1524	77131.0	77987.0
1525	77616.0	78055.0
1526	77339.0	77885.0
1527	77148.0	77490.0
1528	76750.0	77528.0
1529	77003.0	77625.0
1530	77243.0	77817.0
1531	77573.0	78235.0
1532	77122.0	78123.0
1533	77401.0	77827.0
1534	77579.0	78416.0
1535	77210.0	77735.0
1536	76887.0	77948.0
1537	76923.0	77794.0
1538	76827.0	78088.0
1539	77728.0	77929.0
1540	76927.0	77355.0
1541	77271.0	77684.0
1542	77683.0	77995.0
1543	77137.0	77781.0
1544	77311.0	77716.0
1545	77168.0	78040.0
1546	77542.0	77664.0
1547	76802.0	78026.0
1548	77119.0	77900.0
1549	77077.0	77984.0
1550	76939.0	77893.0
1551	76995.0	77855.0
1552	77625.0	77961.0
1553	77366.0	77723.0
1554	77477.0	78291.0
1555	77093.0	77559.0
1556	76797.0	77789.0
1557	77091.0	77986.0
1558	76776.0	77901.0
1559	77401.0	77718.0
1560	76865.0	77813.0
1561	77712.0	77822.0
1562	77272.0	77845.0
1563	76775.0	77652.0
1564	77098.0	77543.0
1565	77197.0	77787.0
1566	77075.0	77391.0
1567	77140.0	77688.0
1568	76911.0	77671.0
1569	76381.0	77954.0
1570	77260.0	77541.0
1571	76888.0	77212.0
1572	77121.0	77937.0
1573	77539.0	77914.0
1574	77034.0	77679.0
1575	76864.0	77704.0
1576	77367.0	77414.0
1577	76680.0	77315.0
1578	77239.0	77586.0
1579	76832.0	77888.0
1580	76716.0	77649.0
1581	77369.0	77813.0
1582	76904.0	77915.0
1583	77233.0	77484.0
1584	76727.0	77197.0
1585	76893.0	77326.0
1586	76886.0	77471.0
1587	76771.0	77783.0
1588	76569.0	77450.0
1589	76770.0	77393.0
1590	76825.0	78274.0
1591	77110.0	77869.0
1592	77209.0	77393.0
1593	76455.0	77306.0
1594	77005.0	77824.0
1595	77056.0	77750.0
1596	76827.0	77300.0
1597	76816.0	77420.0
1598	76513.0	77139.0
1599	76621.0	77902.0
1600	77157.0	77406.0
1601	76956.0	78155.0
1602	76834.0	77507.0
1603	76706.0	77979.0
1604	77056.0	77366.0
1605	77127.0	77709.0
1606	76647.0	77888.0
1607	76690.0	77374.0
1608	77044.0	77387.0
1609	77620.0	77757.0
1610	76701.0	77257.0
1611	76768.0	77757.0
1612	76708.0	77517.0
1613	76846.0	77664.0
1614	76435.0	77642.0
1615	76532.0	77647.0
1616	76840.0	77588.0
1617	77178.0	77323.0
1618	76768.0	77966.0
1619	77212.0	77416.0
1620	76660.0	77267.0
1621	76673.0	77751.0
1622	76330.0	77846.0
1623	76841.0	77587.0
1624	76465.0	77694.0
1625	76567.0	77488.0
1626	77018.0	77955.0
1627	76668.0	77554.0
1628	76699.0	77422.0
1629	77119.0	77671.0
1630	76757.0	77267.0
1631	76657.0	77429.0
1632	76722.0	77336.0
1633	76688.0	76708.0
1634	76480.0	77285.0
1635	76461.0	77657.0
1636	76908.0	77804.0
1637	76234.0	77140.0
1638	77073.0	77305.0
1639	76324.0	77958.0
1640	76963.0	76939.0
1641	76201.0	77695.0
1642	76705.0	77261.0
1643	76832.0	77978.0
1644	76736.0	77068.0
1645	77122.0	77598.0
1646	76966.0	77801.0
1647	76754.0	77515.0
1648	75946.0	77264.0
1649	76255.0	77609.0
1650	76536.0	77475.0
1651	76416.0	77407.0
1652	76703.0	77477.0
1653	76985.0	77471.0
1654	77024.0	77231.0
1655	76889.0	77666.0
1656	76890.0	77353.0
1657	76651.0	77156.0
1658	76061.0	77348.0
1659	76768.0	76919.0
1660	77083.0	76588.0
1661	76994.0	77375.0
1662	76505.0	77269.0
1663	76572.0	77502.0
1664	76507.0	76781.0
1665	76963.0	77170.0
1666	76601.0	76868.0
1667	76503.0	77345.0
1668	76579.0	77660.0
1669	76274.0	76941.0
1670	76774.0	77162.0
1671	76245.0	77351.0
1672	76485.0	76884.0
1673	76248.0	77056.0
1674	76379.0	76913.0
1675	76046.0	76646.0
1676	76217.0	77645.0
1677	76551.0	77289.0
1678	77009.0	77241.0
1679	76226.0	77356.0
1680	76182.0	76889.0
1681	76311.0	76802.0
1682	76451.0	77073.0
1683	76322.0	77316.0
1684	76515.0	76773.0
1685	76600.0	77063.0
1686	76240.0	76998.0
1687	76187.0	76716.0
1688	76630.0	77253.0
1689	76761.0	77024.0
1690	75937.0	76867.0
1691	76497.0	76885.0
1692	76631.0	77543.0
1693	76430.0	76699.0
1694	76352.0	76904.0
1695	76596.0	77102.0
1696	76527.0	77385.0
1697	76077.0	77271.0
1698	75968.0	77272.0
1699	75873.0	77047.0
1700	75948.0	76860.0
1701	76784.0	77208.0
1702	76610.0	77158.0
1703	76202.0	77301.0
1704	76066.0	77067.0
1705	76661.0	77027.0
1706	76445.0	76542.0
1707	76208.0	77458.0
1708	76142.0	76972.0
1709	76274.0	76700.0
1710	76422.0	77443.0
1711	76402.0	76861.0
1712	75940.0	76826.0
1713	76367.0	76913.0
1714	76175.0	76549.0
1715	76829.0	76847.0
1716	76589.0	77451.0
1717	76522.0	76930.0
1718	75794.0	76884.0
1719	76208.0	76656.0
1720	77112.0	76426.0
1721	75875.0	76957.0
1722	75627.0	77064.0
1723	75880.0	77651.0
1724	76418.0	77141.0
1725	76444.0	76671.0
1726	76292.0	76589.0
1727	76686.0	76911.0
1728	76565.0	76808.0
1729	76431.0	76982.0
1730	76172.0	76412.0
1731	76251.0	77024.0
1732	76451.0	76786.0
1733	76150.0	76227.0
1734	76009.0	76782.0
1735	76303.0	77033.0
1736	76206.0	76861.0
1737	76439.0	76247.0
1738	76268.0	76780.0
1739	76079.0	76960.0
1740	76178.0	76788.0
1741	76124.0	76857.0
1742	76268.0	76898.0
1743	76838.0	76769.0
1744	76237.0	76513.0
1745	76463.0	76354.0
1746	76468.0	76931.0
1747	76298.0	76618.0
1748	76053.0	76770.0
1749	76396.0	77091.0
1750	76109.0	76582.0
1751	76264.0	76678.0
1752	76336.0	77020.0
1753	76025.0	77013.0
1754	76403.0	76415.0
1755	76461.0	76643.0
1756	75935.0	76672.0
1757	76248.0	76679.0
1758	76302.0	76411.0
1759	76172.0	76469.0
1760	76600.0	76709.0
1761	76073.0	76604.0
1762	76159.0	76704.0
1763	75705.0	76522.0
1764	75662.0	76448.0
1765	76373.0	77049.0
1766	75882.0	77037.0
1767	76343.0	76751.0
1768	75422.0	77140.0
1769	76770.0	76773.0
1770	76507.0	76324.0
1771	76507.0	76724.0
1772	76245.0	76312.0
1773	76268.0	76888.0
1774	76204.0	76232.0
1775	75733.0	76730.0
1776	76096.0	76910.0
1777	76121.0	76660.0
1778	75755.0	76634.0
1779	76273.0	76773.0
1780	76059.0	76611.0
1781	75652.0	76967.0
1782	75868.0	76495.0
1783	75825.0	76847.0
1784	75723.0	76682.0
1785	76127.0	76902.0
1786	76534.0	76630.0
1787	76406.0	77171.0
1788	77041.0	76359.0
1789	75766.0	76135.0
1790	76419.0	76533.0
1791	76070.0	76599.0
1792	75907.0	76913.0
1793	75996.0	77168.0
1794	76125.0	76626.0
1795	75588.0	76630.0
1796	75980.0	76640.0
1797	75857.0	76379.0
1798	76138.0	76451.0
1799	76554.0	76421.0
1800	75815.0	76707.0
1801	76263.0	76602.0
1802	75708.0	76406.0
1803	75428.0	76835.0
1804	75930.0	76873.0
1805	76000.0	76308.0
1806	75846.0	76696.0
1807	76054.0	76739.0
1808	75893.0	76278.0
1809	75930.0	76945.0
1810	75840.0	75902.0
1811	76303.0	76560.0
1812	75706.0	76775.0
1813	76055.0	76301.0
1814	75674.0	76261.0
1815	75978.0	76693.0
1816	76316.0	76261.0
1817	76258.0	76378.0
1818	76093.0	76689.0
1819	75816.0	77181.0
1820	75766.0	76452.0
1821	76254.0	76649.0
1822	76261.0	76605.0
1823	75233.0	76851.0
1824	76041.0	76346.0
1825	75629.0	76507.0
1826	75900.0	76930.0
1827	75761.0	76447.0
1828	75891.0	76235.0
1829	76323.0	76161.0
1830	75664.0	75950.0
1831	75952.0	76608.0
1832	76237.0	76183.0
1833	75693.0	76170.0
1834	75859.0	76614.0
1835	75694.0	76584.0
1836	75663.0	75890.0
1837	75886.0	76388.0
1838	75941.0	76184.0
1839	75662.0	76683.0
1840	76149.0	75918.0
1841	75790.0	76444.0
1842	75503.0	76071.0
1843	75893.0	76215.0
1844	76194.0	76595.0
1845	76088.0	76500.0
1846	75772.0	76385.0
1847	75740.0	76307.0
1848	75528.0	76046.0
1849	76015.0	76517.0
1850	75342.0	76544.0
1851	75635.0	76279.0
1852	75760.0	76779.0
1853	75841.0	76319.0
1854	75436.0	76399.0
1855	76441.0	76466.0
1856	75861.0	75872.0
1857	75553.0	76594.0
1858	75481.0	76704.0
1859	75156.0	76839.0
1860	76369.0	76197.0
1861	75992.0	76166.0
1862	75901.0	76758.0
1863	75908.0	76460.0
1864	76089.0	76586.0
1865	75442.0	76299.0
1866	75745.0	76479.0
1867	75632.0	76352.0
1868	75930.0	76371.0
1869	76393.0	76580.0
1870	75509.0	76523.0
1871	75698.0	76051.0
1872	75745.0	76268.0
1873	75782.0	76053.0
1874	75913.0	75949.0
1875	76216.0	76510.0
1876	75624.0	76208.0
1877	75760.0	76099.0
1878	75772.0	76007.0
1879	75608.0	76429.0
1880	75592.0	76804.0
1881	75308.0	76137.0
1882	75901.0	75969.0
1883	76027.0	76365.0
1884	75515.0	76400.0
1885	76556.0	75823.0
1886	75761.0	75893.0
1887	75909.0	75958.0
1888	75879.0	76165.0
1889	75891.0	75961.0
1890	76150.0	75949.0
1891	75766.0	75553.0
1892	76011.0	75981.0
1893	76082.0	76267.0
1894	75830.0	76364.0
1895	75455.0	76071.0
1896	75981.0	76152.0
1897	75426.0	76010.0
1898	75780.0	76270.0
1899	75867.0	76024.0
1900	75347.0	76041.0
1901	76086.0	76156.0
1902	75488.0	75735.0
1903	76167.0	76184.0
1904	76504.0	75757.0
1905	76168.0	76017.0
1906	76075.0	76323.0
1907	75738.0	76292.0
1908	75672.0	75925.0
1909	75753.0	76229.0
1910	75715.0	76358.0
1911	75722.0	75806.0
1912	75652.0	75533.0
1913	76071.0	76159.0
1914	75989.0	75837.0
1915	75698.0	76196.0
1916	75573.0	75878.0
1917	75540.0	75948.0
1918	75250.0	75877.0
1919	75383.0	75813.0
1920	75388.0	76122.0
1921	75207.0	76107.0
1922	75571.0	75794.0
1923	75927.0	75960.0
1924	75431.0	76080.0
1925	75199.0	75907.0
1926	75484.0	75971.0
1927	75176.0	75957.0
1928	76045.0	75940.0
1929	75308.0	75889.0
1930	75917.0	76664.0
1931	75615.0	75731.0
1932	75413.0	75905.0
1933	75397.0	75586.0
1934	75532.0	75790.0
1935	75873.0	75740.0
1936	75465.0	76318.0
1937	75782.0	75924.0
1938	75021.0	75432.0
1939	75146.0	75727.0
1940	75219.0	75990.0
1941	75563.0	75532.0
1942	75534.0	75649.0
1943	75308.0	75454.0
1944	75563.0	75524.0
1945	75366.0	75973.0
1946	75412.0	76379.0
1947	75659.0	75797.0
1948	75623.0	75679.0
1949	75166.0	76288.0
1950	75592.0	76189.0
1951	75573.0	76129.0
1952	75636.0	75764.0
1953	75632.0	76341.0
1954	75287.0	75960.0
1955	75645.0	76284.0
1956	75305.0	74982.0
1957	75067.0	76196.0
1958	74799.0	75921.0
1959	75154.0	75941.0
1960	75130.0	75794.0
1961	75118.0	76117.0
1962	75495.0	75608.0
1963	74717.0	75945.0
1964	75250.0	76170.0
1965	75486.0	75447.0
1966	75401.0	75552.0
1967	75645.0	75919.0
1968	74821.0	76167.0
1969	75432.0	76138.0
1970	75655.0	75313.0
1971	75001.0	75820.0
1972	75619.0	76323.0
1973	75426.0	76075.0
1974	75435.0	75682.0
1975	75306.0	75680.0
1976	75324.0	75971.0
1977	75411.0	76285.0
1978	75392.0	75874.0
1979	75065.0	75726.0
1980	75161.0	76306.0
1981	75613.0	75157.0
1982	75343.0	75700.0
1983	75459.0	75450.0
1984	75400.0	75563.0
1985	75666.0	76192.0
1986	75525.0	75799.0
1987	75160.0	75879.0
1988	75359.0	75916.0
1989	75115.0	76299.0
1990	75229.0	76571.0
1991	75333.0	76268.0
1992	75279.0	75999.0
1993	75369.0	76076.0
1994	75271.0	75636.0
1995	75186.0	75744.0
1996	75319.0	75770.0
1997	75396.0	75521.0
1998	75275.0	75925.0
1999	75221.0	75835.0
